timestamp;timestamp_last_signal;rssi;rssi_dbm;rc_lost_frame_count;rc_total_frame_count;rc_ppm_frame_length;values[0];values[1];values[2];values[3];values[4];values[5];values[6];values[7];values[8];values[9];values[10];values[11];values[12];values[13];values[14];values[15];values[16];values[17];channel_count;rc_failsafe;rc_lost;input_source;link_quality
7866790449;7866789859;41;nan;0;39775;0;1494;1497;1084;1900;1084;1084;1494;1084;1494;1494;1494;1494;1494;1494;1494;1494;998;998;18;0;0;4;-1
7867292211;7867291652;41;nan;0;39830;0;1494;1497;1084;1492;1084;1084;1494;1084;1494;1494;1494;1494;1494;1494;1494;1494;998;998;18;0;0;4;-1
7867780163;7867779603;41;nan;0;39885;0;1494;1497;1084;1492;1084;1084;1494;1084;1494;1494;1494;1494;1494;1494;1494;1494;998;998;18;0;0;4;-1
7868275148;7868274588;41;nan;0;39939;0;1494;1497;1414;1492;1084;1084;1494;1084;1494;1494;1494;1494;1494;1494;1494;1494;998;998;18;0;0;4;-1
7868792533;7868791972;41;nan;0;39997;0;1494;1497;1536;1491;1084;1084;1494;1084;1494;1494;1494;1494;1494;1494;1494;1494;998;998;18;0;0;4;-1
7869287453;7869286895;41;nan;0;40052;0;1494;1497;1522;1491;1084;1084;1494;1084;1494;1494;1494;1494;1494;1494;1494;1494;998;998;18;0;0;4;-1
7869782422;7869781861;41;nan;0;40107;0;1494;1497;1525;1492;1084;1084;1494;1084;1494;1494;1494;1494;1494;1494;1494;1494;998;998;18;0;0;4;-1
7870277338;7870276778;41;nan;0;40162;0;1494;1497;1903;1491;1084;1084;1494;1084;1494;1494;1494;1494;1494;1494;1494;1494;998;998;18;0;0;4;-1
7870794803;7870794205;41;nan;0;40219;0;1494;1497;1902;1491;1084;1084;1494;1084;1494;1494;1494;1494;1494;1494;1494;1494;998;998;18;0;0;4;-1
7871289720;7871289151;41;nan;0;40274;0;1494;1497;1901;1491;1084;1084;1494;1084;1494;1494;1494;1494;1494;1494;1494;1494;998;998;18;0;0;4;-1
7871784643;7871784076;41;nan;0;40329;0;1494;1497;1901;1491;1084;1084;1494;1084;1494;1494;1494;1494;1494;1494;1494;1494;998;998;18;0;0;4;-1
7872279563;7872278996;41;nan;0;40384;0;1494;1495;1901;1491;1084;1084;1494;1084;1494;1494;1494;1494;1494;1494;1494;1494;998;998;18;0;0;4;-1
7872796982;7872796420;41;nan;0;40442;0;1494;1497;1901;1491;1084;1084;1494;1084;1494;1494;1494;1494;1494;1494;1494;1494;998;998;18;0;0;4;-1
7873291915;7873291355;41;nan;0;40497;0;1711;1498;1901;1491;1084;1084;1494;1084;1494;1494;1494;1494;1494;1494;1494;1494;998;998;18;0;0;4;-1
7873786845;7873786286;41;nan;0;40552;0;1495;1558;1901;1491;1084;1084;1494;1084;1494;1494;1494;1494;1494;1494;1494;1494;998;998;18;0;0;4;-1
7874281780;7874281221;41;nan;0;40607;0;1494;1555;1901;1491;1084;1084;1494;1084;1494;1494;1494;1494;1494;1494;1494;1494;998;998;18;0;0;4;-1
7874799270;7874798710;41;nan;0;40664;0;1494;1498;1903;1350;1084;1084;1494;1084;1494;1494;1494;1494;1494;1494;1494;1494;998;998;18;0;0;4;-1
7875294230;7875293671;41;nan;0;40719;0;1495;1498;1903;1232;1084;1084;1494;1084;1494;1494;1494;1494;1494;1494;1494;1494;998;998;18;0;0;4;-1
7875789125;7875788566;41;nan;0;40774;0;1494;1715;1903;1226;1084;1084;1494;1084;1494;1494;1494;1494;1494;1494;1494;1494;998;998;18;0;0;4;-1
7876284008;7876283449;41;nan;0;40829;0;1495;1275;1898;1212;1084;1084;1494;1084;1494;1494;1494;1494;1494;1494;1494;1494;998;998;18;0;0;4;-1
7876801449;7876800886;41;nan;0;40887;0;1495;1496;1903;1491;1084;1084;1494;1084;1494;1494;1494;1494;1494;1494;1494;1494;998;998;18;0;0;4;-1
7877296378;7877295814;41;nan;0;40942;0;1494;1497;1903;1692;1084;1084;1494;1084;1494;1494;1494;1494;1494;1494;1494;1494;998;998;18;0;0;4;-1
7877791331;7877790772;41;nan;0;40997;0;1494;1497;1903;1828;1084;1084;1494;1084;1494;1494;1494;1494;1494;1494;1494;1494;998;998;18;0;0;4;-1
7878286253;7878285691;41;nan;0;41052;0;1494;1732;1903;1800;1084;1084;1494;1084;1494;1494;1494;1494;1494;1494;1494;1494;998;998;18;0;0;4;-1
7878781188;7878780625;41;nan;0;41107;0;1494;1498;1903;1864;1084;1084;1494;1084;1494;1494;1494;1494;1494;1494;1494;1494;998;998;18;0;0;4;-1
7879298619;7879298060;41;nan;0;41164;0;1494;1470;1903;1863;1084;1084;1494;1084;1494;1494;1494;1494;1494;1494;1494;1494;998;998;18;0;0;4;-1
7879793656;7879793097;41;nan;0;41219;0;1495;1452;1903;1859;1084;1084;1494;1084;1494;1494;1494;1494;1494;1494;1494;1494;998;998;18;0;0;4;-1
7880288471;7880287913;41;nan;0;41274;0;1494;1497;1903;1492;1084;1084;1494;1084;1494;1494;1494;1494;1494;1494;1494;1494;998;998;18;0;0;4;-1
7880783504;7880782945;41;nan;0;41329;0;1494;1497;1903;1491;1084;1084;1494;1084;1494;1494;1494;1494;1494;1494;1494;1494;998;998;18;0;0;4;-1
7881278434;7881277874;41;nan;0;41384;0;1494;1497;1903;1491;1084;1084;1494;1084;1494;1494;1494;1494;1494;1494;1494;1494;998;998;18;0;0;4;-1
7881795764;7881795205;41;nan;0;41442;0;1494;1497;1903;1491;1084;1084;1494;1084;1494;1494;1494;1494;1494;1494;1494;1494;998;998;18;0;0;4;-1
7882290696;7882290138;41;nan;0;41497;0;1494;1497;1903;1491;1084;1084;1494;1084;1494;1494;1494;1494;1494;1494;1494;1494;998;998;18;0;0;4;-1
7882785628;7882785069;41;nan;0;41552;0;1494;1495;1903;1491;1084;1084;1494;1084;1494;1494;1494;1494;1494;1494;1494;1494;998;998;18;0;0;4;-1
7883280566;7883280001;41;nan;0;41607;0;1494;1497;1903;1491;1084;1084;1494;1084;1494;1494;1494;1494;1494;1494;1494;1494;998;998;18;0;0;4;-1
7883798117;7883797551;41;nan;0;41664;0;1417;1497;1903;1491;1084;1084;1494;1084;1494;1494;1494;1494;1494;1494;1494;1494;998;998;18;0;0;4;-1
7884292957;7884292390;41;nan;0;41719;0;1495;1496;1903;1491;1084;1084;1494;1084;1494;1494;1494;1494;1494;1494;1494;1494;998;998;18;0;0;4;-1
7884787885;7884787325;41;nan;0;41774;0;1494;1491;1903;1491;1084;1084;1494;1084;1494;1494;1494;1494;1494;1494;1494;1494;998;998;18;0;0;4;-1
7885282806;7885282246;41;nan;0;41829;0;1495;1294;1903;1491;1084;1084;1494;1084;1494;1494;1494;1494;1494;1494;1494;1494;998;998;18;0;0;4;-1
7885800221;7885799662;41;nan;0;41887;0;1494;1696;1903;1491;1084;1084;1494;1084;1494;1494;1494;1494;1494;1494;1494;1494;998;998;18;0;0;4;-1
7886295154;7886294595;41;nan;0;41942;0;1495;1722;1903;1491;1084;1084;1494;1084;1494;1494;1494;1494;1494;1494;1494;1494;998;998;18;0;0;4;-1
7886790120;7886789527;41;nan;0;41997;0;1531;1753;1903;1232;1084;1084;1494;1084;1494;1494;1494;1494;1494;1494;1494;1494;998;998;18;0;0;4;-1
7887285038;7887284457;41;nan;0;42052;0;1595;1748;1877;1171;1084;1084;1494;1084;1494;1494;1494;1494;1494;1494;1494;1494;998;998;18;0;0;4;-1
7887779958;7887779391;41;nan;0;42107;0;1733;1728;1877;1111;1084;1084;1494;1084;1494;1494;1494;1494;1494;1494;1494;1494;998;998;18;0;0;4;-1
7888297516;7888296945;41;nan;0;42164;0;1878;1744;1811;1084;1084;1084;1494;1084;1494;1494;1494;1494;1494;1494;1494;1494;998;998;18;0;0;4;-1
7888792394;7888791829;41;nan;0;42219;0;1494;1516;1786;1151;1084;1084;1494;1084;1494;1494;1494;1494;1494;1494;1494;1494;998;998;18;0;0;4;-1
7889287258;7889286698;41;nan;0;42274;0;1294;1497;1841;1745;1084;1084;1494;1084;1494;1494;1494;1494;1494;1494;1494;1494;998;998;18;0;0;4;-1
7889782191;7889781627;41;nan;0;42329;0;1194;1497;1893;1822;1084;1084;1494;1084;1494;1494;1494;1494;1494;1494;1494;1494;998;998;18;0;0;4;-1
7890299600;7890299041;41;nan;0;42387;0;1406;1707;1903;1826;1084;1084;1494;1084;1494;1494;1494;1494;1494;1494;1494;1494;998;998;18;0;0;4;-1
7890794532;7890793974;41;nan;0;42442;0;1570;1802;1903;1811;1084;1084;1494;1084;1494;1494;1494;1494;1494;1494;1494;1494;998;998;18;0;0;4;-1
7891289460;7891288901;41;nan;0;42497;0;1823;1530;1903;1748;1084;1084;1494;1084;1494;1494;1494;1494;1494;1494;1494;1494;998;998;18;0;0;4;-1
7891784400;7891783842;41;nan;0;42552;0;1525;1495;1903;1557;1084;1084;1494;1084;1494;1494;1494;1494;1494;1494;1494;1494;998;998;18;0;0;4;-1
7892279328;7892278770;41;nan;0;42607;0;1495;1497;1903;1491;1084;1084;1494;1084;1494;1494;1494;1494;1494;1494;1494;1494;998;998;18;0;0;4;-1
7892796893;7892796325;41;nan;0;42664;0;1494;1497;1903;1492;1084;1084;1494;1084;1494;1494;1494;1494;1494;1494;1494;1494;998;998;18;0;0;4;-1
7893291711;7893291151;41;nan;0;42719;0;1210;1494;1903;1491;1084;1084;1494;1084;1494;1494;1494;1494;1494;1494;1494;1494;998;998;18;0;0;4;-1
7893786643;7893786084;41;nan;0;42774;0;1495;1497;1903;1491;1084;1084;1494;1084;1494;1494;1494;1494;1494;1494;1494;1494;998;998;18;0;0;4;-1
7894281658;7894281099;41;nan;0;42829;0;1746;1500;1903;1491;1084;1084;1494;1084;1494;1494;1494;1494;1494;1494;1494;1494;998;998;18;0;0;4;-1
7894798980;7894798420;41;nan;0;42887;0;1495;1497;1903;1491;1084;1084;1494;1084;1494;1494;1494;1494;1494;1494;1494;1494;998;998;18;0;0;4;-1
7895293917;7895293355;41;nan;0;42942;0;1495;1497;1803;1491;1084;1084;1494;1084;1494;1494;1494;1494;1494;1494;1494;1494;998;998;18;0;0;4;-1
7895788835;7895788274;41;nan;0;42997;0;1495;1497;1644;1491;1084;1084;1494;1084;1494;1494;1494;1494;1494;1494;1494;1494;998;998;18;0;0;4;-1
7896283768;7896283209;41;nan;0;43052;0;1495;1497;1828;1491;1084;1084;1494;1084;1494;1494;1494;1494;1494;1494;1494;1494;998;998;18;0;0;4;-1
7896801333;7896800774;41;nan;0;43109;0;1495;1497;1903;1491;1084;1084;1494;1084;1494;1494;1494;1494;1494;1494;1494;1494;998;998;18;0;0;4;-1
7897296186;7897295626;41;nan;0;43164;0;1495;1497;1903;1166;1084;1084;1494;1084;1494;1494;1494;1494;1494;1494;1494;1494;998;998;18;0;0;4;-1
7897791164;7897790605;41;nan;0;43219;0;1494;1497;1903;1084;1084;1084;1494;1084;1494;1494;1494;1494;1494;1494;1494;1494;998;998;18;0;0;4;-1
7898286030;7898285470;41;nan;0;43274;0;1545;1498;1903;1084;1084;1084;1494;1084;1494;1494;1494;1494;1494;1494;1494;1494;998;998;18;0;0;4;-1
7898780938;7898780370;41;nan;0;43329;0;1678;1497;1903;1084;1084;1084;1494;1084;1494;1494;1494;1494;1494;1494;1494;1494;998;998;18;0;0;4;-1
7899298372;7899297809;41;nan;0;43387;0;1495;1497;1903;1086;1084;1084;1494;1084;1494;1494;1494;1494;1494;1494;1494;1494;998;998;18;0;0;4;-1
7899793290;7899792727;41;nan;0;43442;0;1456;1496;1903;1084;1084;1084;1494;1084;1494;1494;1494;1494;1494;1494;1494;1494;998;998;18;0;0;4;-1
7900288209;7900287650;41;nan;0;43497;0;1495;1496;1903;1084;1084;1084;1494;1084;1494;1494;1494;1494;1494;1494;1494;1494;998;998;18;0;0;4;-1
7900783140;7900782581;41;nan;0;43552;0;1495;1497;1903;1853;1084;1084;1494;1084;1494;1494;1494;1494;1494;1494;1494;1494;998;998;18;0;0;4;-1
7901300764;7901300161;41;nan;0;43609;0;1495;1496;1903;1901;1084;1084;1494;1084;1494;1494;1494;1494;1494;1494;1494;1494;998;998;18;0;0;4;-1
7901795552;7901794992;41;nan;0;43664;0;1514;1731;1903;1890;1084;1084;1494;1084;1494;1494;1494;1494;1494;1494;1494;1494;998;998;18;0;0;4;-1
7902290459;7902289889;41;nan;0;43719;0;1494;1541;1903;1851;1084;1084;1494;1084;1494;1494;1494;1494;1494;1494;1494;1494;998;998;18;0;0;4;-1
7902785516;7902784929;41;nan;0;43774;0;1494;1507;1903;1857;1084;1084;1494;1084;1494;1494;1494;1494;1494;1494;1494;1494;998;998;18;0;0;4;-1
7903280338;7903279777;41;nan;0;43829;0;1494;1496;1903;1796;1084;1084;1494;1084;1494;1494;1494;1494;1494;1494;1494;1494;998;998;18;0;0;4;-1
7903797708;7903797150;41;nan;0;43887;0;1494;1497;1903;1834;1084;1084;1494;1084;1494;1494;1494;1494;1494;1494;1494;1494;998;998;18;0;0;4;-1
7904292640;7904292078;41;nan;0;43942;0;1385;1497;1903;1864;1084;1084;1494;1084;1494;1494;1494;1494;1494;1494;1494;1494;998;998;18;0;0;4;-1
7904787593;7904787035;41;nan;0;43997;0;1496;1498;1903;1854;1084;1084;1494;1084;1494;1494;1494;1494;1494;1494;1494;1494;998;998;18;0;0;4;-1
7905282512;7905281953;41;nan;0;44052;0;1494;1498;1903;1771;1084;1084;1494;1084;1494;1494;1494;1494;1494;1494;1494;1494;998;998;18;0;0;4;-1
7905777429;7905776870;41;nan;0;44107;0;1495;1497;1903;1491;1084;1084;1494;1084;1494;1494;1494;1494;1494;1494;1494;1494;998;998;18;0;0;4;-1
7906294926;7906294317;41;nan;0;44164;0;1495;1497;1903;1484;1084;1084;1494;1084;1494;1494;1494;1494;1494;1494;1494;1494;998;998;18;0;0;4;-1
7906789841;7906789236;41;nan;0;44219;0;1494;1497;1903;1210;1084;1084;1494;1084;1494;1494;1494;1494;1494;1494;1494;1494;998;998;18;0;0;4;-1
7907284763;7907284174;41;nan;0;44274;0;1494;1497;1903;1171;1084;1084;1494;1084;1494;1494;1494;1494;1494;1494;1494;1494;998;998;18;0;0;4;-1
7907786692;7907786132;41;nan;0;44330;0;1494;1497;1903;1491;1084;1084;1494;1084;1494;1494;1494;1494;1494;1494;1494;1494;998;998;18;0;0;4;-1
7908297058;7908296500;41;nan;0;44387;0;1494;1452;1903;1491;1084;1084;1494;1084;1494;1494;1494;1494;1494;1494;1494;1494;998;998;18;0;0;4;-1
7908799002;7908798442;41;nan;0;44442;0;1495;1421;1903;1491;1084;1084;1494;1084;1494;1494;1494;1494;1494;1494;1494;1494;998;998;18;0;0;4;-1
7909286925;7909286362;41;nan;0;44497;0;1495;1496;1903;1491;1084;1084;1494;1084;1494;1494;1494;1494;1494;1494;1494;1494;998;998;18;0;0;4;-1
7909781853;7909781294;41;nan;0;44552;0;1495;1386;1903;1491;1084;1084;1494;1084;1494;1494;1494;1494;1494;1494;1494;1494;998;998;18;0;0;4;-1
7910299289;7910298721;41;nan;0;44609;0;1494;1501;1903;1491;1084;1084;1494;1084;1494;1494;1494;1494;1494;1494;1494;1494;998;998;18;0;0;4;-1
7910794203;7910793643;41;nan;0;44664;0;1494;1496;1903;1491;1084;1084;1494;1084;1494;1494;1494;1494;1494;1494;1494;1494;998;998;18;0;0;4;-1
7911289145;7911288574;41;nan;0;44719;0;1783;1494;1903;1491;1084;1084;1494;1084;1494;1494;1494;1494;1494;1494;1494;1494;998;998;18;0;0;4;-1
7911784059;7911783500;41;nan;0;44774;0;1494;1252;1903;1491;1084;1084;1494;1084;1494;1494;1494;1494;1494;1494;1494;1494;998;998;18;0;0;4;-1
7912301486;7912300925;41;nan;0;44832;0;1794;1264;1903;1491;1084;1084;1494;1084;1494;1494;1494;1494;1494;1494;1494;1494;998;998;18;0;0;4;-1
7912796455;7912795895;41;nan;0;44887;0;1495;1495;1903;1491;1084;1084;1494;1084;1494;1494;1494;1494;1494;1494;1494;1494;998;998;18;0;0;4;-1
7913291337;7913290777;41;nan;0;44942;0;1681;1141;1903;1491;1084;1084;1494;1084;1494;1494;1494;1494;1494;1494;1494;1494;998;998;18;0;0;4;-1
7913786273;7913785712;41;nan;0;44997;0;1494;1496;1903;1422;1084;1084;1494;1084;1494;1494;1494;1494;1494;1494;1494;1494;998;998;18;0;0;4;-1
7914281200;7914280636;41;nan;0;45052;0;1632;1357;1903;1084;1084;1084;1494;1084;1494;1494;1494;1494;1494;1494;1494;1494;998;998;18;0;0;4;-1
7914798618;7914798058;41;nan;0;45109;0;1384;1516;1903;1084;1084;1084;1494;1084;1494;1494;1494;1494;1494;1494;1494;1494;998;998;18;0;0;4;-1
7915293558;7915292982;41;nan;0;45164;0;1171;1502;1903;1084;1084;1084;1494;1084;1494;1494;1494;1494;1494;1494;1494;1494;998;998;18;0;0;4;-1
7915788470;7915787908;41;nan;0;45219;0;1304;1730;1903;1084;1084;1084;1494;1084;1494;1494;1494;1494;1494;1494;1494;1494;998;998;18;0;0;4;-1
7916283408;7916282846;41;nan;0;45274;0;1264;1737;1903;1084;1084;1084;1494;1084;1494;1494;1494;1494;1494;1494;1494;1494;998;998;18;0;0;4;-1
7916778324;7916777766;41;nan;0;45329;0;1494;1497;1898;1488;1084;1084;1494;1084;1494;1494;1494;1494;1494;1494;1494;1494;998;998;18;0;0;4;-1
7917295779;7917295219;41;nan;0;45387;0;1494;1497;1903;1491;1084;1084;1494;1084;1494;1494;1494;1494;1494;1494;1494;1494;998;998;18;0;0;4;-1
7917790689;7917790131;41;nan;0;45442;0;1494;1497;1903;1804;1084;1084;1494;1084;1494;1494;1494;1494;1494;1494;1494;1494;998;998;18;0;0;4;-1
7918285606;7918285046;41;nan;0;45497;0;1494;1497;1903;1829;1084;1084;1494;1084;1494;1494;1494;1494;1494;1494;1494;1494;998;998;18;0;0;4;-1
7918780529;7918779970;41;nan;0;45552;0;1494;1497;1903;1808;1084;1084;1494;1084;1494;1494;1494;1494;1494;1494;1494;1494;998;998;18;0;0;4;-1
7919297950;7919297391;41;nan;0;45609;0;1889;1503;1903;1791;1084;1084;1494;1084;1494;1494;1494;1494;1494;1494;1494;1494;998;998;18;0;0;4;-1
7919792872;7919792313;41;nan;0;45664;0;1495;1497;1903;1777;1084;1084;1494;1084;1494;1494;1494;1494;1494;1494;1494;1494;998;998;18;0;0;4;-1
7920287801;7920287242;41;nan;0;45719;0;1494;1497;1903;1788;1084;1084;1494;1084;1494;1494;1494;1494;1494;1494;1494;1494;998;998;18;0;0;4;-1
7920782734;7920782171;41;nan;0;45774;0;1494;1496;1903;1788;1084;1084;1494;1084;1494;1494;1494;1494;1494;1494;1494;1494;998;998;18;0;0;4;-1
7921300148;7921299589;41;nan;0;45832;0;1180;1306;1903;1778;1084;1084;1494;1084;1494;1494;1494;1494;1494;1494;1494;1494;998;998;18;0;0;4;-1
7921795087;7921794525;41;nan;0;45887;0;1494;1497;1900;1491;1084;1084;1494;1084;1494;1494;1494;1494;1494;1494;1494;1494;998;998;18;0;0;4;-1
7922290031;7922289472;41;nan;0;45942;0;1495;1497;1903;1492;1084;1084;1494;1084;1494;1494;1494;1494;1494;1494;1494;1494;998;998;18;0;0;4;-1
7922784922;7922784362;41;nan;0;45997;0;1494;1498;1903;1491;1084;1084;1494;1084;1494;1494;1494;1494;1494;1494;1494;1494;998;998;18;0;0;4;-1
7923279858;7923279295;41;nan;0;46051;0;1903;1500;1903;1491;1084;1084;1494;1084;1494;1494;1494;1494;1494;1494;1494;1494;998;998;18;0;0;4;-1
7923797292;7923796732;41;nan;0;46109;0;1495;1497;1903;1491;1084;1084;1494;1084;1494;1494;1494;1494;1494;1494;1494;1494;998;998;18;0;0;4;-1
7924292211;7924291649;41;nan;0;46164;0;1135;1495;1903;1491;1084;1084;1494;1084;1494;1494;1494;1494;1494;1494;1494;1494;998;998;18;0;0;4;-1
7924787129;7924786568;41;nan;0;46219;0;1494;1497;1903;1491;1084;1084;1494;1084;1494;1494;1494;1494;1494;1494;1494;1494;998;998;18;0;0;4;-1
7925282047;7925281485;41;nan;0;46274;0;1495;1497;1903;1491;1084;1084;1494;1084;1494;1494;1494;1494;1494;1494;1494;1494;998;998;18;0;0;4;-1
7925799466;7925798907;41;nan;0;46331;0;1495;1496;1903;1491;1084;1084;1494;1084;1494;1494;1494;1494;1494;1494;1494;1494;998;998;18;0;0;4;-1
7926294404;7926293842;41;nan;0;46386;0;1495;1497;1747;1491;1084;1084;1494;1084;1494;1494;1494;1494;1494;1494;1494;1494;998;998;18;0;0;4;-1
7926789345;7926788786;41;nan;0;46441;0;1495;1497;1903;1491;1084;1084;1494;1084;1494;1494;1494;1494;1494;1494;1494;1494;998;998;18;0;0;4;-1
7927284248;7927283684;41;nan;0;46496;0;1495;1497;1903;1401;1084;1084;1494;1084;1494;1494;1494;1494;1494;1494;1494;1494;998;998;18;0;0;4;-1
7927779178;7927778614;41;nan;0;46551;0;1495;1497;1903;1136;1084;1084;1494;1084;1494;1494;1494;1494;1494;1494;1494;1494;998;998;18;0;0;4;-1
7928296583;7928296025;41;nan;0;46609;0;1495;1494;1903;1154;1084;1084;1494;1084;1494;1494;1494;1494;1494;1494;1494;1494;998;998;18;0;0;4;-1
7928791508;7928790949;41;nan;0;46664;0;1469;1400;1903;1155;1084;1084;1494;1084;1494;1494;1494;1494;1494;1494;1494;1494;998;998;18;0;0;4;-1
7929286428;7929285869;41;nan;0;46719;0;1494;1536;1903;1157;1084;1084;1494;1084;1494;1494;1494;1494;1494;1494;1494;1494;998;998;18;0;0;4;-1
7929781356;7929780796;41;nan;0;46774;0;1494;1497;1903;1188;1084;1084;1494;1084;1494;1494;1494;1494;1494;1494;1494;1494;998;998;18;0;0;4;-1
7930298891;7930298332;41;nan;0;46831;0;1494;1497;1903;1901;1084;1084;1494;1084;1494;1494;1494;1494;1494;1494;1494;1494;998;998;18;0;0;4;-1
7930793836;7930793225;41;nan;0;46886;0;1382;1284;1903;1901;1084;1084;1494;1084;1494;1494;1494;1494;1494;1494;1494;1494;998;998;18;0;0;4;-1
7931288762;7931288132;41;nan;0;46941;0;1494;1494;1903;1901;1084;1084;1494;1084;1494;1494;1494;1494;1494;1494;1494;1494;998;998;18;0;0;4;-1
7931783679;7931783042;41;nan;0;46996;0;1495;1495;1903;1791;1084;1084;1494;1084;1494;1494;1494;1494;1494;1494;1494;1494;998;998;18;0;0;4;-1
7932300960;7932300401;41;nan;0;47054;0;1677;1825;1888;1084;1084;1084;1494;1084;1494;1494;1494;1494;1494;1494;1494;1494;998;998;18;0;0;4;-1
7932795886;7932795327;41;nan;0;47109;0;1226;1497;1837;1084;1084;1084;1494;1084;1494;1494;1494;1494;1494;1494;1494;1494;998;998;18;0;0;4;-1
7933290811;7933290253;41;nan;0;47164;0;1487;1734;1897;1156;1084;1084;1494;1084;1494;1494;1494;1494;1494;1494;1494;1494;998;998;18;0;0;4;-1
7933785730;7933785172;41;nan;0;47219;0;1494;1497;1903;1491;1084;1084;1494;1084;1494;1494;1494;1494;1494;1494;1494;1494;998;998;18;0;0;4;-1
7934280688;7934280130;41;nan;0;47274;0;1494;1497;1897;1491;1084;1084;1494;1084;1494;1494;1494;1494;1494;1494;1494;1494;998;998;18;0;0;4;-1
7934798158;7934797573;41;nan;0;47331;0;1494;1497;1903;1491;1084;1084;1494;1084;1494;1494;1494;1494;1494;1494;1494;1494;998;998;18;0;0;4;-1
7935293116;7935292474;41;nan;0;47386;0;1494;1497;1903;1491;1084;1084;1494;1084;1494;1494;1494;1494;1494;1494;1494;1494;998;998;18;0;0;4;-1
7935788025;7935787391;41;nan;0;47441;0;1494;1497;1903;1784;1084;1084;1494;1084;1494;1494;1494;1494;1494;1494;1494;1494;998;998;18;0;0;4;-1
7936282945;7936282293;41;nan;0;47496;0;1494;1497;1903;1791;1084;1084;1494;1084;1494;1494;1494;1494;1494;1494;1494;1494;998;998;18;0;0;4;-1
7936800270;7936799709;41;nan;0;47554;0;1494;1496;1903;1785;1084;1084;1494;1084;1494;1494;1494;1494;1494;1494;1494;1494;998;998;18;0;0;4;-1
7937295190;7937294628;41;nan;0;47609;0;1494;1497;1903;1767;1084;1084;1494;1084;1494;1494;1494;1494;1494;1494;1494;1494;998;998;18;0;0;4;-1
7937790108;7937789546;41;nan;0;47664;0;1494;1497;1903;1620;1084;1084;1494;1084;1494;1494;1494;1494;1494;1494;1494;1494;998;998;18;0;0;4;-1
7938285031;7938284469;41;nan;0;47719;0;1494;1497;1903;1136;1084;1084;1494;1084;1494;1494;1494;1494;1494;1494;1494;1494;998;998;18;0;0;4;-1
7938779943;7938779384;41;nan;0;47774;0;1494;1497;1903;1084;1084;1084;1494;1084;1494;1494;1494;1494;1494;1494;1494;1494;998;998;18;0;0;4;-1
7939297417;7939296816;41;nan;0;47831;0;1494;1497;1892;1197;1084;1084;1494;1084;1494;1494;1494;1494;1494;1494;1494;1494;998;998;18;0;0;4;-1
7939792369;7939791743;41;nan;0;47886;0;1494;1497;1620;1491;1084;1084;1494;1084;1494;1494;1494;1494;1494;1494;1494;1494;998;998;18;0;0;4;-1
7940287274;7940286652;41;nan;0;47941;0;1494;1497;1898;1491;1084;1084;1494;1084;1494;1494;1494;1494;1494;1494;1494;1494;998;998;18;0;0;4;-1
7940782193;7940781622;41;nan;0;47996;0;1282;1495;1897;1491;1084;1084;1494;1084;1494;1494;1494;1494;1494;1494;1494;1494;998;998;18;0;0;4;-1
7941299540;7941298980;41;nan;0;48054;0;1492;1497;1897;1491;1084;1084;1494;1084;1494;1494;1494;1494;1494;1494;1494;1494;998;998;18;0;0;4;-1
7941794462;7941793903;41;nan;0;48109;0;1494;1497;1897;1491;1084;1084;1494;1084;1494;1494;1494;1494;1494;1494;1494;1494;998;998;18;0;0;4;-1
7942289379;7942288821;41;nan;0;48164;0;1494;1497;1897;1491;1084;1084;1494;1084;1494;1494;1494;1494;1494;1494;1494;1494;998;998;18;0;0;4;-1
7942784307;7942783744;41;nan;0;48219;0;1084;1496;1903;1491;1084;1084;1494;1084;1494;1494;1494;1494;1494;1494;1494;1494;998;998;18;0;0;4;-1
7943301792;7943301234;41;nan;0;48276;0;1362;1497;1903;1491;1084;1084;1494;1084;1494;1494;1494;1494;1494;1494;1494;1494;998;998;18;0;0;4;-1
7943796667;7943796107;41;nan;0;48331;0;1142;1855;1903;1491;1084;1084;1494;1084;1494;1494;1494;1494;1494;1494;1494;1494;998;998;18;0;0;4;-1
7944291621;7944291044;41;nan;0;48386;0;1495;1474;1903;1491;1084;1084;1494;1084;1494;1494;1494;1494;1494;1494;1494;1494;998;998;18;0;0;4;-1
7944786602;7944786043;41;nan;0;48441;0;1494;1498;1903;1491;1084;1084;1494;1084;1494;1494;1494;1494;1494;1494;1494;1494;998;998;18;0;0;4;-1
7945281451;7945280876;41;nan;0;48496;0;1494;1497;1903;1491;1084;1084;1494;1084;1494;1494;1494;1494;1494;1494;1494;1494;998;998;18;0;0;4;-1
7945798805;7945798246;41;nan;0;48554;0;1217;1084;1903;1491;1084;1084;1494;1084;1494;1494;1494;1494;1494;1494;1494;1494;998;998;18;0;0;4;-1
7946293743;7946293180;41;nan;0;48609;0;1218;1096;1903;1491;1084;1084;1494;1084;1494;1494;1494;1494;1494;1494;1494;1494;998;998;18;0;0;4;-1
7946788650;7946788090;41;nan;0;48664;0;1494;1498;1903;1491;1084;1084;1494;1084;1494;1494;1494;1494;1494;1494;1494;1494;998;998;18;0;0;4;-1
7947283583;7947283023;41;nan;0;48719;0;1489;1621;1903;1491;1084;1084;1494;1084;1494;1494;1494;1494;1494;1494;1494;1494;998;998;18;0;0;4;-1
7947778489;7947777927;41;nan;0;48774;0;1494;1497;1903;1491;1084;1084;1494;1084;1494;1494;1494;1494;1494;1494;1494;1494;998;998;18;0;0;4;-1
7948295912;7948295349;41;nan;0;48831;0;1494;1497;1903;1491;1084;1084;1494;1084;1494;1494;1494;1494;1494;1494;1494;1494;998;998;18;0;0;4;-1
7948790877;7948790288;41;nan;0;48886;0;1494;1497;1903;1793;1084;1084;1494;1084;1494;1494;1494;1494;1494;1494;1494;1494;998;998;18;0;0;4;-1
7949292788;7949292229;41;nan;0;48942;0;1494;1497;1903;1901;1084;1084;1494;1084;1494;1494;1494;1494;1494;1494;1494;1494;998;998;18;0;0;4;-1
7949780705;7949780108;41;nan;0;48996;0;1153;1171;1903;1901;1084;1084;1494;1084;1494;1494;1494;1494;1494;1494;1494;1494;998;998;18;0;0;4;-1
7950275615;7950275025;41;nan;0;49051;0;1494;1497;1903;1888;1084;1084;1494;1084;1494;1494;1494;1494;1494;1494;1494;1494;998;998;18;0;0;4;-1
7950792991;7950792433;41;nan;0;49109;0;1495;1498;1903;1729;1084;1084;1494;1084;1494;1494;1494;1494;1494;1494;1494;1494;998;998;18;0;0;4;-1
7951287910;7951287352;41;nan;0;49164;0;1494;1497;1903;1491;1084;1084;1494;1084;1494;1494;1494;1494;1494;1494;1494;1494;998;998;18;0;0;4;-1
7951782829;7951782271;41;nan;0;49219;0;1494;1497;1903;1205;1084;1084;1494;1084;1494;1494;1494;1494;1494;1494;1494;1494;998;998;18;0;0;4;-1
7952300312;7952299698;41;nan;0;49276;0;1494;1497;1903;1084;1084;1084;1494;1084;1494;1494;1494;1494;1494;1494;1494;1494;998;998;18;0;0;4;-1
7952795176;7952794617;41;nan;0;49331;0;1282;1310;1903;1084;1084;1084;1494;1084;1494;1494;1494;1494;1494;1494;1494;1494;998;998;18;0;0;4;-1
7953290148;7953289589;41;nan;0;49386;0;1783;1276;1903;1084;1084;1084;1494;1084;1494;1494;1494;1494;1494;1494;1494;1494;998;998;18;0;0;4;-1
7953785015;7953784435;41;nan;0;49441;0;1837;1240;1903;1084;1084;1084;1494;1084;1494;1494;1494;1494;1494;1494;1494;1494;998;998;18;0;0;4;-1
7954279934;7954279358;41;nan;0;49496;0;1495;1497;1903;1092;1084;1084;1494;1084;1494;1494;1494;1494;1494;1494;1494;1494;998;998;18;0;0;4;-1
7954797332;7954796772;41;nan;0;49554;0;1494;1497;1903;1491;1084;1084;1494;1084;1494;1494;1494;1494;1494;1494;1494;1494;998;998;18;0;0;4;-1
7955292254;7955291692;41;nan;0;49609;0;1276;1498;1903;1491;1084;1084;1494;1084;1494;1494;1494;1494;1494;1494;1494;1494;998;998;18;0;0;4;-1
7955787165;7955786606;41;nan;0;49664;0;1158;1498;1903;1491;1084;1084;1494;1084;1494;1494;1494;1494;1494;1494;1494;1494;998;998;18;0;0;4;-1
7956282089;7956281527;41;nan;0;49719;0;1577;1498;1903;1491;1084;1084;1494;1084;1494;1494;1494;1494;1494;1494;1494;1494;998;998;18;0;0;4;-1
7956799507;7956798949;41;nan;0;49776;0;1382;1590;1903;1491;1084;1084;1494;1084;1494;1494;1494;1494;1494;1494;1494;1494;998;998;18;0;0;4;-1
7957294417;7957293847;41;nan;0;49831;0;1212;1547;1903;1491;1084;1084;1494;1084;1494;1494;1494;1494;1494;1494;1494;1494;998;998;18;0;0;4;-1
7957789348;7957788777;41;nan;0;49886;0;1228;1641;1903;1491;1084;1084;1494;1084;1494;1494;1494;1494;1494;1494;1494;1494;998;998;18;0;0;4;-1
7958284246;7958283678;41;nan;0;49941;0;1201;1740;1903;1491;1084;1084;1494;1084;1494;1494;1494;1494;1494;1494;1494;1494;998;998;18;0;0;4;-1
7958779163;7958778599;41;nan;0;49996;0;1202;1770;1903;1491;1084;1084;1494;1084;1494;1494;1494;1494;1494;1494;1494;1494;998;998;18;0;0;4;-1
7959296573;7959296013;41;nan;0;50054;0;1374;1654;1903;1491;1084;1084;1494;1084;1494;1494;1494;1494;1494;1494;1494;1494;998;998;18;0;0;4;-1
7959791498;7959790936;41;nan;0;50109;0;1344;1784;1903;1491;1084;1084;1494;1084;1494;1494;1494;1494;1494;1494;1494;1494;998;998;18;0;0;4;-1
7960286408;7960285849;41;nan;0;50164;0;1343;1791;1903;1491;1084;1084;1494;1084;1494;1494;1494;1494;1494;1494;1494;1494;998;998;18;0;0;4;-1
7960781318;7960780758;41;nan;0;50219;0;1617;1898;1903;1491;1084;1084;1494;1084;1494;1494;1494;1494;1494;1494;1494;1494;998;998;18;0;0;4;-1
7961298729;7961298167;41;nan;0;50276;0;1687;1519;1903;1491;1084;1084;1494;1084;1494;1494;1494;1494;1494;1494;1494;1494;998;998;18;0;0;4;-1
7961793696;7961793136;41;nan;0;50331;0;1394;1557;1903;1491;1084;1084;1494;1084;1494;1494;1494;1494;1494;1494;1494;1494;998;998;18;0;0;4;-1
7962288572;7962288009;41;nan;0;50386;0;1494;1498;1903;1491;1084;1084;1494;1084;1494;1494;1494;1494;1494;1494;1494;1494;998;998;18;0;0;4;-1
7962783477;7962782918;41;nan;0;50441;0;1721;1501;1903;1491;1084;1084;1494;1084;1494;1494;1494;1494;1494;1494;1494;1494;998;998;18;0;0;4;-1
7963300903;7963300341;41;nan;0;50499;0;1718;1235;1903;1491;1084;1084;1494;1084;1494;1494;1494;1494;1494;1494;1494;1494;998;998;18;0;0;4;-1
7963795803;7963795245;41;nan;0;50554;0;1780;1406;1903;1491;1084;1084;1494;1084;1494;1494;1494;1494;1494;1494;1494;1494;998;998;18;0;0;4;-1
7964290726;7964290167;41;nan;0;50609;0;1494;1497;1903;1491;1084;1084;1494;1084;1494;1494;1494;1494;1494;1494;1494;1494;998;998;18;0;0;4;-1
7964785648;7964785086;41;nan;0;50664;0;1495;1497;1903;1491;1084;1084;1494;1084;1494;1494;1494;1494;1494;1494;1494;1494;998;998;18;0;0;4;-1
7965280567;7965280009;41;nan;0;50718;0;1494;1497;1903;1358;1084;1084;1494;1084;1494;1494;1494;1494;1494;1494;1494;1494;998;998;18;0;0;4;-1
7965798040;7965797481;41;nan;0;50776;0;1400;1496;1888;1208;1084;1084;1494;1084;1494;1494;1494;1494;1494;1494;1494;1494;998;998;18;0;0;4;-1
7966292893;7966292317;41;nan;0;50831;0;1439;1496;1861;1220;1084;1084;1494;1084;1494;1494;1494;1494;1494;1494;1494;1494;998;998;18;0;0;4;-1
7966787807;7966787230;41;nan;0;50886;0;1265;1497;1858;1218;1084;1084;1494;1084;1494;1494;1494;1494;1494;1494;1494;1494;998;998;18;0;0;4;-1
7967282727;7967282152;41;nan;0;50941;0;1348;1497;1860;1216;1084;1084;1494;1084;1494;1494;1494;1494;1494;1494;1494;1494;998;998;18;0;0;4;-1
7967800158;7967799599;41;nan;0;50999;0;1903;1498;1864;1216;1084;1084;1494;1084;1494;1494;1494;1494;1494;1494;1494;1494;998;998;18;0;0;4;-1
7968295073;7968294515;41;nan;0;51054;0;1495;1497;1866;1491;1084;1084;1494;1084;1494;1494;1494;1494;1494;1494;1494;1494;998;998;18;0;0;4;-1
7968790006;7968789447;41;nan;0;51109;0;1494;1497;1903;1901;1084;1084;1494;1084;1494;1494;1494;1494;1494;1494;1494;1494;998;998;18;0;0;4;-1
7969284925;7969284366;41;nan;0;51163;0;1494;1497;1903;1901;1084;1084;1494;1084;1494;1494;1494;1494;1494;1494;1494;1494;998;998;18;0;0;4;-1
7969779843;7969779284;41;nan;0;51218;0;1494;1497;1903;1901;1084;1084;1494;1084;1494;1494;1494;1494;1494;1494;1494;1494;998;998;18;0;0;4;-1
7970297225;7970296638;41;nan;0;51276;0;1494;1497;1903;1901;1084;1084;1494;1084;1494;1494;1494;1494;1494;1494;1494;1494;998;998;18;0;0;4;-1
7970792095;7970791537;41;nan;0;51331;0;1494;1497;1903;1901;1084;1084;1494;1084;1494;1494;1494;1494;1494;1494;1494;1494;998;998;18;0;0;4;-1
7971287017;7971286453;41;nan;0;51386;0;1494;1497;1903;1901;1084;1084;1494;1084;1494;1494;1494;1494;1494;1494;1494;1494;998;998;18;0;0;4;-1
7971781931;7971781368;41;nan;0;51441;0;1494;1496;1903;1901;1084;1084;1494;1084;1494;1494;1494;1494;1494;1494;1494;1494;998;998;18;0;0;4;-1
7972299439;7972298878;41;nan;0;51498;0;1494;1497;1903;1901;1084;1084;1494;1084;1494;1494;1494;1494;1494;1494;1494;1494;998;998;18;0;0;4;-1
7972794353;7972793794;41;nan;0;51553;0;1494;1497;1903;1491;1084;1084;1494;1084;1494;1494;1494;1494;1494;1494;1494;1494;998;998;18;0;0;4;-1
7973289273;7973288715;41;nan;0;51608;0;1494;1496;1903;1084;1084;1084;1494;1084;1494;1494;1494;1494;1494;1494;1494;1494;998;998;18;0;0;4;-1
7973784174;7973783608;41;nan;0;51663;0;1494;1496;1903;1084;1084;1084;1494;1084;1494;1494;1494;1494;1494;1494;1494;1494;998;998;18;0;0;4;-1
7974301558;7974300962;41;nan;0;51721;0;1494;1497;1903;1084;1084;1084;1494;1084;1494;1494;1494;1494;1494;1494;1494;1494;998;998;18;0;0;4;-1
7974796400;7974795839;41;nan;0;51776;0;1494;1497;1903;1084;1084;1084;1494;1084;1494;1494;1494;1494;1494;1494;1494;1494;998;998;18;0;0;4;-1
7975291315;7975290756;41;nan;0;51831;0;1494;1497;1903;1262;1084;1084;1494;1084;1494;1494;1494;1494;1494;1494;1494;1494;998;998;18;0;0;4;-1
7975786236;7975785675;41;nan;0;51886;0;1494;1497;1903;1901;1084;1084;1494;1084;1494;1494;1494;1494;1494;1494;1494;1494;998;998;18;0;0;4;-1
7976281154;7976280596;41;nan;0;51941;0;1494;1497;1903;1901;1084;1084;1494;1084;1494;1494;1494;1494;1494;1494;1494;1494;998;998;18;0;0;4;-1
7976798573;7976798014;41;nan;0;51998;0;1494;1496;1903;1901;1084;1084;1494;1084;1494;1494;1494;1494;1494;1494;1494;1494;998;998;18;0;0;4;-1
7977293497;7977292936;41;nan;0;52053;0;1494;1496;1903;1884;1084;1084;1494;1084;1494;1494;1494;1494;1494;1494;1494;1494;998;998;18;0;0;4;-1
7977788389;7977787826;41;nan;0;52108;0;1494;1496;1903;1491;1084;1084;1494;1084;1494;1494;1494;1494;1494;1494;1494;1494;998;998;18;0;0;4;-1
7978283298;7978282735;41;nan;0;52163;0;1494;1497;1903;1491;1084;1084;1494;1084;1494;1494;1494;1494;1494;1494;1494;1494;998;998;18;0;0;4;-1
7978800694;7978800135;41;nan;0;52221;0;1494;1497;1903;1491;1084;1084;1494;1084;1494;1494;1494;1494;1494;1494;1494;1494;998;998;18;0;0;4;-1
7979295607;7979295048;41;nan;0;52276;0;1495;1497;1903;1491;1084;1084;1494;1084;1494;1494;1494;1494;1494;1494;1494;1494;998;998;18;0;0;4;-1
7979790522;7979789963;41;nan;0;52331;0;1494;1435;1903;1491;1084;1084;1494;1084;1494;1494;1494;1494;1494;1494;1494;1494;998;998;18;0;0;4;-1
7980285433;7980284874;41;nan;0;52386;0;1461;1495;1903;1491;1084;1084;1494;1084;1494;1494;1494;1494;1494;1494;1494;1494;998;998;18;0;0;4;-1
7980780342;7980779783;41;nan;0;52441;0;1494;1767;1903;1491;1084;1084;1494;1084;1494;1494;1494;1494;1494;1494;1494;1494;998;998;18;0;0;4;-1
7981297815;7981297242;41;nan;0;52498;0;1356;1830;1903;1491;1084;1084;1494;1084;1494;1494;1494;1494;1494;1494;1494;1494;998;998;18;0;0;4;-1
7981792706;7981792147;41;nan;0;52553;0;1815;1745;1903;1491;1084;1084;1494;1084;1494;1494;1494;1494;1494;1494;1494;1494;998;998;18;0;0;4;-1
7982287770;7982287211;41;nan;0;52608;0;1494;1495;1903;1491;1084;1084;1494;1084;1494;1494;1494;1494;1494;1494;1494;1494;998;998;18;0;0;4;-1
7982782546;7982781986;41;nan;0;52663;0;1494;1498;1903;1491;1084;1084;1494;1084;1494;1494;1494;1494;1494;1494;1494;1494;998;998;18;0;0;4;-1
7983299897;7983299336;41;nan;0;52721;0;1551;1456;1903;1491;1084;1084;1494;1084;1494;1494;1494;1494;1494;1494;1494;1494;998;998;18;0;0;4;-1
7983794801;7983794243;41;nan;0;52776;0;1495;1495;1903;1491;1084;1084;1494;1084;1494;1494;1494;1494;1494;1494;1494;1494;998;998;18;0;0;4;-1
7984289730;7984289167;41;nan;0;52831;0;1381;1497;1903;1491;1084;1084;1494;1084;1494;1494;1494;1494;1494;1494;1494;1494;998;998;18;0;0;4;-1
7984784627;7984784068;41;nan;0;52886;0;1494;1497;1903;1491;1084;1084;1494;1084;1494;1494;1494;1494;1494;1494;1494;1494;998;998;18;0;0;4;-1
7985302059;7985301500;41;nan;0;52943;0;1557;1777;1903;1491;1084;1084;1494;1084;1494;1494;1494;1494;1494;1494;1494;1494;998;998;18;0;0;4;-1
7985797072;7985796494;41;nan;0;52998;0;1495;1495;1903;1491;1084;1084;1494;1084;1494;1494;1494;1494;1494;1494;1494;1494;998;998;18;0;0;4;-1
7986291954;7986291393;41;nan;0;53053;0;1492;1497;1903;1491;1084;1084;1494;1084;1494;1494;1494;1494;1494;1494;1494;1494;998;998;18;0;0;4;-1
7986786864;7986786305;41;nan;0;53108;0;1552;1497;1903;1491;1084;1084;1494;1084;1494;1494;1494;1494;1494;1494;1494;1494;998;998;18;0;0;4;-1
7987281679;7987281119;41;nan;0;53163;0;1494;1497;1903;1491;1084;1084;1494;1084;1494;1494;1494;1494;1494;1494;1494;1494;998;998;18;0;0;4;-1
7987799090;7987798530;41;nan;0;53221;0;1494;1497;1903;1491;1084;1084;1494;1084;1494;1494;1494;1494;1494;1494;1494;1494;998;998;18;0;0;4;-1
7988293994;7988293432;41;nan;0;53276;0;1494;1497;1706;1491;1084;1084;1494;1084;1494;1494;1494;1494;1494;1494;1494;1494;998;998;18;0;0;4;-1
7988788903;7988788344;41;nan;0;53331;0;1401;1497;1903;1491;1084;1084;1494;1084;1494;1494;1494;1494;1494;1494;1494;1494;998;998;18;0;0;4;-1
7989283820;7989283260;41;nan;0;53386;0;1236;1792;1903;1491;1084;1084;1494;1084;1494;1494;1494;1494;1494;1494;1494;1494;998;998;18;0;0;4;-1
7989785830;7989785271;41;nan;0;53441;0;1884;1760;1903;1491;1084;1084;1494;1084;1494;1494;1494;1494;1494;1494;1494;1494;998;998;18;0;0;4;-1
7990296153;7990295586;41;nan;0;53498;0;1494;1497;1903;1491;1084;1084;1494;1084;1494;1494;1494;1494;1494;1494;1494;1494;998;998;18;0;0;4;-1
7990798011;7990797451;41;nan;0;53554;0;1734;1274;1903;1491;1084;1084;1494;1084;1494;1494;1494;1494;1494;1494;1494;1494;998;998;18;0;0;4;-1
7991285992;7991285429;41;nan;0;53608;0;1494;1494;1903;1491;1084;1084;1494;1084;1494;1494;1494;1494;1494;1494;1494;1494;998;998;18;0;0;4;-1
7991781068;7991780454;41;nan;0;53663;0;1482;1498;1903;1491;1084;1084;1494;1084;1494;1494;1494;1494;1494;1494;1494;1494;998;998;18;0;0;4;-1
7992298277;7992297715;41;nan;0;53721;0;1494;1497;1903;1084;1084;1084;1494;1084;1494;1494;1494;1494;1494;1494;1494;1494;998;998;18;0;0;4;-1
7992793194;7992792634;41;nan;0;53776;0;1084;1146;1861;1084;1084;1084;1494;1084;1494;1494;1494;1494;1494;1494;1494;1494;998;998;18;0;0;4;-1
7993288110;7993287550;41;nan;0;53831;0;1494;1498;1875;1084;1084;1084;1494;1084;1494;1494;1494;1494;1494;1494;1494;1494;998;998;18;0;0;4;-1
7993783032;7993782469;41;nan;0;53886;0;1267;1380;1875;1084;1084;1084;1494;1084;1494;1494;1494;1494;1494;1494;1494;1494;998;998;18;0;0;4;-1
7994300411;7994299850;41;nan;0;53943;0;1494;1497;1879;1096;1084;1084;1494;1084;1494;1494;1494;1494;1494;1494;1494;1494;998;998;18;0;0;4;-1
7994795309;7994794750;41;nan;0;53998;0;1495;1497;1903;1901;1084;1084;1494;1084;1494;1494;1494;1494;1494;1494;1494;1494;998;998;18;0;0;4;-1
7995290224;7995289665;41;nan;0;54053;0;1494;1497;1903;1901;1084;1084;1494;1084;1494;1494;1494;1494;1494;1494;1494;1494;998;998;18;0;0;4;-1
7995785148;7995784578;41;nan;0;54108;0;1885;1895;1903;1898;1084;1084;1494;1084;1494;1494;1494;1494;1494;1494;1494;1494;998;998;18;0;0;4;-1
7996302537;7996301978;41;nan;0;54166;0;1494;1496;1903;1890;1084;1084;1494;1084;1494;1494;1494;1494;1494;1494;1494;1494;998;998;18;0;0;4;-1
7996797447;7996796886;41;nan;0;54221;0;1494;1496;1903;1492;1084;1084;1494;1084;1494;1494;1494;1494;1494;1494;1494;1494;998;998;18;0;0;4;-1
7997292354;7997291795;41;nan;0;54276;0;1494;1497;1903;1491;1084;1084;1494;1084;1494;1494;1494;1494;1494;1494;1494;1494;998;998;18;0;0;4;-1
7997787265;7997786705;41;nan;0;54331;0;1494;1497;1903;1748;1084;1084;1494;1084;1494;1494;1494;1494;1494;1494;1494;1494;998;998;18;0;0;4;-1
7998282185;7998281624;41;nan;0;54386;0;1494;1497;1903;1901;1084;1084;1494;1084;1494;1494;1494;1494;1494;1494;1494;1494;998;998;18;0;0;4;-1
7998799580;7998799019;41;nan;0;54443;0;1494;1497;1903;1901;1084;1084;1494;1084;1494;1494;1494;1494;1494;1494;1494;1494;998;998;18;0;0;4;-1
7999294495;7999293933;41;nan;0;54498;0;1494;1497;1903;1901;1084;1084;1494;1084;1494;1494;1494;1494;1494;1494;1494;1494;998;998;18;0;0;4;-1
7999789392;7999788834;41;nan;0;54553;0;1494;1495;1903;1901;1084;1084;1494;1084;1494;1494;1494;1494;1494;1494;1494;1494;998;998;18;0;0;4;-1
8000284329;8000283770;41;nan;0;54608;0;1494;1496;1903;1084;1084;1084;1494;1084;1494;1494;1494;1494;1494;1494;1494;1494;998;998;18;0;0;4;-1
8000779217;8000778656;41;nan;0;54663;0;1494;1497;1903;1084;1084;1084;1494;1084;1494;1494;1494;1494;1494;1494;1494;1494;998;998;18;0;0;4;-1
8001296610;8001296051;41;nan;0;54721;0;1494;1497;1903;1084;1084;1084;1494;1084;1494;1494;1494;1494;1494;1494;1494;1494;998;998;18;0;0;4;-1
8001791525;8001790965;41;nan;0;54776;0;1494;1497;1903;1084;1084;1084;1494;1084;1494;1494;1494;1494;1494;1494;1494;1494;998;998;18;0;0;4;-1
8002286431;8002285873;41;nan;0;54831;0;1494;1497;1903;1084;1084;1084;1494;1084;1494;1494;1494;1494;1494;1494;1494;1494;998;998;18;0;0;4;-1
8002781337;8002780778;41;nan;0;54886;0;1494;1497;1903;1084;1084;1084;1494;1084;1494;1494;1494;1494;1494;1494;1494;1494;998;998;18;0;0;4;-1
8003298742;8003298180;41;nan;0;54943;0;1494;1497;1903;1258;1084;1084;1494;1084;1494;1494;1494;1494;1494;1494;1494;1494;998;998;18;0;0;4;-1
8003793651;8003793090;41;nan;0;54998;0;1352;1181;1903;1491;1084;1084;1494;1084;1494;1494;1494;1494;1494;1494;1494;1494;998;998;18;0;0;4;-1
8004288598;8004288039;41;nan;0;55053;0;1494;1496;1903;1491;1084;1084;1494;1084;1494;1494;1494;1494;1494;1494;1494;1494;998;998;18;0;0;4;-1
8004783485;8004782903;41;nan;0;55108;0;1494;1608;1903;1491;1084;1084;1494;1084;1494;1494;1494;1494;1494;1494;1494;1494;998;998;18;0;0;4;-1
8005300929;8005300370;41;nan;0;55166;0;1494;1497;1903;1491;1084;1084;1494;1084;1494;1494;1494;1494;1494;1494;1494;1494;998;998;18;0;0;4;-1
8005795844;8005795283;41;nan;0;55220;0;1494;1495;1903;1491;1084;1084;1494;1084;1494;1494;1494;1494;1494;1494;1494;1494;998;998;18;0;0;4;-1
8006290766;8006290208;41;nan;0;55275;0;1494;1497;1903;1491;1084;1084;1494;1084;1494;1494;1494;1494;1494;1494;1494;1494;998;998;18;0;0;4;-1
8006785684;8006785123;41;nan;0;55330;0;1495;1497;1903;1491;1084;1084;1494;1084;1494;1494;1494;1494;1494;1494;1494;1494;998;998;18;0;0;4;-1
8007280509;8007279948;41;nan;0;55385;0;1494;1497;1903;1491;1084;1084;1494;1084;1494;1494;1494;1494;1494;1494;1494;1494;998;998;18;0;0;4;-1
8007797983;8007797396;41;nan;0;55443;0;1494;1497;1903;1491;1084;1084;1494;1084;1494;1494;1494;1494;1494;1494;1494;1494;998;998;18;0;0;4;-1
8008292900;8008292312;41;nan;0;55498;0;1494;1497;1903;1491;1084;1084;1494;1084;1494;1494;1494;1494;1494;1494;1494;1494;998;998;18;0;0;4;-1
8008787745;8008787183;41;nan;0;55553;0;1494;1497;1903;1491;1084;1084;1494;1084;1494;1494;1494;1494;1494;1494;1494;1494;998;998;18;0;0;4;-1
8009282620;8009282060;41;nan;0;55608;0;1494;1637;1903;1491;1084;1084;1494;1084;1494;1494;1494;1494;1494;1494;1494;1494;998;998;18;0;0;4;-1
8009800050;8009799491;41;nan;0;55665;0;1450;1629;1903;1491;1084;1084;1494;1084;1494;1494;1494;1494;1494;1494;1494;1494;998;998;18;0;0;4;-1
8010294963;8010294404;41;nan;0;55720;0;1224;1284;1903;1491;1084;1084;1494;1084;1494;1494;1494;1494;1494;1494;1494;1494;998;998;18;0;0;4;-1
8010789885;8010789327;41;nan;0;55775;0;1084;1341;1903;1491;1084;1084;1494;1084;1494;1494;1494;1494;1494;1494;1494;1494;998;998;18;0;0;4;-1
8011284786;8011284227;41;nan;0;55830;0;1241;1538;1903;1491;1084;1084;1494;1084;1494;1494;1494;1494;1494;1494;1494;1494;998;998;18;0;0;4;-1
8011779708;8011779149;41;nan;0;55885;0;1161;1560;1903;1491;1084;1084;1494;1084;1494;1494;1494;1494;1494;1494;1494;1494;998;998;18;0;0;4;-1
8012297157;8012296596;41;nan;0;55943;0;1196;1628;1903;1491;1084;1084;1494;1084;1494;1494;1494;1494;1494;1494;1494;1494;998;998;18;0;0;4;-1
8012791951;8012791392;41;nan;0;55998;0;1301;1758;1903;1491;1084;1084;1494;1084;1494;1494;1494;1494;1494;1494;1494;1494;998;998;18;0;0;4;-1
8013286863;8013286304;41;nan;0;56053;0;1405;1777;1903;1491;1084;1084;1494;1084;1494;1494;1494;1494;1494;1494;1494;1494;998;998;18;0;0;4;-1
8013781769;8013781210;41;nan;0;56108;0;1395;1743;1903;1491;1084;1084;1494;1084;1494;1494;1494;1494;1494;1494;1494;1494;998;998;18;0;0;4;-1
8014299318;8014298731;41;nan;0;56165;0;1471;1658;1903;1491;1084;1084;1494;1084;1494;1494;1494;1494;1494;1494;1494;1494;998;998;18;0;0;4;-1
8014794082;8014793520;41;nan;0;56220;0;1718;1501;1903;1491;1084;1084;1494;1084;1494;1494;1494;1494;1494;1494;1494;1494;998;998;18;0;0;4;-1
8015289003;8015288445;41;nan;0;56275;0;1636;1528;1903;1491;1084;1084;1494;1084;1494;1494;1494;1494;1494;1494;1494;1494;998;998;18;0;0;4;-1
8015783910;8015783351;41;nan;0;56330;0;1661;1411;1903;1491;1084;1084;1494;1084;1494;1494;1494;1494;1494;1494;1494;1494;998;998;18;0;0;4;-1
8016301389;8016300830;41;nan;0;56388;0;1638;1352;1903;1491;1084;1084;1494;1084;1494;1494;1494;1494;1494;1494;1494;1494;998;998;18;0;0;4;-1
8016796237;8016795678;41;nan;0;56443;0;1568;1903;1903;1491;1084;1084;1494;1084;1494;1494;1494;1494;1494;1494;1494;1494;998;998;18;0;0;4;-1
8017291113;8017290555;41;nan;0;56498;0;1616;1903;1903;1491;1084;1084;1494;1084;1494;1494;1494;1494;1494;1494;1494;1494;998;998;18;0;0;4;-1
8017786033;8017785473;41;nan;0;56553;0;1494;1498;1903;1491;1084;1084;1494;1084;1494;1494;1494;1494;1494;1494;1494;1494;998;998;18;0;0;4;-1
8018280909;8018280350;41;nan;0;56608;0;1302;1526;1903;1491;1084;1084;1494;1084;1494;1494;1494;1494;1494;1494;1494;1494;998;998;18;0;0;4;-1
8018798369;8018797800;41;nan;0;56665;0;1242;1523;1903;1491;1084;1084;1494;1084;1494;1494;1494;1494;1494;1494;1494;1494;998;998;18;0;0;4;-1
8019293236;8019292677;41;nan;0;56720;0;1148;1498;1903;1491;1084;1084;1494;1084;1494;1494;1494;1494;1494;1494;1494;1494;998;998;18;0;0;4;-1
8019788121;8019787562;41;nan;0;56775;0;1087;1498;1903;1491;1084;1084;1494;1084;1494;1494;1494;1494;1494;1494;1494;1494;998;998;18;0;0;4;-1
8020283072;8020282514;41;nan;0;56830;0;1597;1497;1903;1491;1084;1084;1494;1084;1494;1494;1494;1494;1494;1494;1494;1494;998;998;18;0;0;4;-1
8020800441;8020799881;41;nan;0;56888;0;1688;1224;1903;1491;1084;1084;1494;1084;1494;1494;1494;1494;1494;1494;1494;1494;998;998;18;0;0;4;-1
8021295336;8021294775;41;nan;0;56943;0;1716;1503;1903;1491;1084;1084;1494;1084;1494;1494;1494;1494;1494;1494;1494;1494;998;998;18;0;0;4;-1
8021790282;8021789723;41;nan;0;56998;0;1757;1513;1903;1491;1084;1084;1494;1084;1494;1494;1494;1494;1494;1494;1494;1494;998;998;18;0;0;4;-1
8022285149;8022284585;41;nan;0;57053;0;1495;1497;1903;1491;1084;1084;1494;1084;1494;1494;1494;1494;1494;1494;1494;1494;998;998;18;0;0;4;-1
8022780044;8022779484;41;nan;0;57108;0;1494;1498;1903;1491;1084;1084;1494;1084;1494;1494;1494;1494;1494;1494;1494;1494;998;998;18;0;0;4;-1
8023297458;8023296883;41;nan;0;57165;0;1494;1497;1903;1491;1084;1084;1494;1084;1494;1494;1494;1494;1494;1494;1494;1494;998;998;18;0;0;4;-1
8023792393;8023791829;41;nan;0;57220;0;1903;1480;1903;1491;1084;1084;1494;1084;1494;1494;1494;1494;1494;1494;1494;1494;998;998;18;0;0;4;-1
8024287293;8024286711;41;nan;0;57275;0;1495;1497;1903;1491;1084;1084;1494;1084;1494;1494;1494;1494;1494;1494;1494;1494;998;998;18;0;0;4;-1
8024782207;8024781610;41;nan;0;57330;0;1494;1497;1903;1491;1084;1084;1494;1084;1494;1494;1494;1494;1494;1494;1494;1494;998;998;18;0;0;4;-1
8025299557;8025298998;41;nan;0;57388;0;1494;1497;1903;1491;1084;1084;1494;1084;1494;1494;1494;1494;1494;1494;1494;1494;998;998;18;0;0;4;-1
8025794468;8025793906;41;nan;0;57443;0;1494;1497;1903;1491;1084;1084;1494;1084;1494;1494;1494;1494;1494;1494;1494;1494;998;998;18;0;0;4;-1
8026289377;8026288815;41;nan;0;57498;0;1494;1497;1903;1252;1084;1084;1494;1084;1494;1494;1494;1494;1494;1494;1494;1494;998;998;18;0;0;4;-1
8026784292;8026783732;41;nan;0;57553;0;1494;1497;1897;1084;1084;1084;1494;1084;1494;1494;1494;1494;1494;1494;1494;1494;998;998;18;0;0;4;-1
8027301683;8027301115;41;nan;0;57610;0;1494;1497;1870;1084;1084;1084;1494;1084;1494;1494;1494;1494;1494;1494;1494;1494;998;998;18;0;0;4;-1
8027796593;8027796021;41;nan;0;57665;0;1494;1497;1903;1901;1084;1084;1494;1084;1494;1494;1494;1494;1494;1494;1494;1494;998;998;18;0;0;4;-1
8028291499;8028290940;41;nan;0;57720;0;1494;1497;1903;1901;1084;1084;1494;1084;1494;1494;1494;1494;1494;1494;1494;1494;998;998;18;0;0;4;-1
8028786423;8028785863;41;nan;0;57775;0;1494;1497;1903;1901;1084;1084;1494;1084;1494;1494;1494;1494;1494;1494;1494;1494;998;998;18;0;0;4;-1
8029281295;8029280733;41;nan;0;57830;0;1494;1496;1903;1901;1084;1084;1494;1084;1494;1494;1494;1494;1494;1494;1494;1494;998;998;18;0;0;4;-1
8029798677;8029798118;41;nan;0;57888;0;1494;1496;1903;1901;1084;1084;1494;1084;1494;1494;1494;1494;1494;1494;1494;1494;998;998;18;0;0;4;-1
8030293589;8030293030;41;nan;0;57943;0;1096;1181;1867;1491;1084;1084;1494;1084;1494;1494;1494;1494;1494;1494;1494;1494;998;998;18;0;0;4;-1
8030788492;8030787933;41;nan;0;57998;0;1662;1498;1890;1491;1084;1084;1494;1084;1494;1494;1494;1494;1494;1494;1494;1494;998;998;18;0;0;4;-1
8031290464;8031289902;41;nan;0;58053;0;1495;1498;1903;1491;1084;1084;1494;1084;1494;1494;1494;1494;1494;1494;1494;1494;998;998;18;0;0;4;-1
8031778318;8031777759;41;nan;0;58108;0;1495;1495;1903;1491;1084;1084;1494;1084;1494;1494;1494;1494;1494;1494;1494;1494;998;998;18;0;0;4;-1
8032273195;8032272635;41;nan;0;58163;0;1244;1628;1903;1491;1084;1084;1494;1084;1494;1494;1494;1494;1494;1494;1494;1494;998;998;18;0;0;4;-1
8032790601;8032790041;41;nan;0;58220;0;1494;1497;1903;1238;1084;1084;1494;1084;1494;1494;1494;1494;1494;1494;1494;1494;998;998;18;0;0;4;-1
8033285503;8033284943;41;nan;0;58275;0;1441;1496;1903;1491;1084;1084;1494;1084;1494;1494;1494;1494;1494;1494;1494;1494;998;998;18;0;0;4;-1
8033780497;8033779938;41;nan;0;58330;0;1494;1435;1903;1491;1084;1084;1494;1084;1494;1494;1494;1494;1494;1494;1494;1494;998;998;18;0;0;4;-1
8034297799;8034297240;41;nan;0;58387;0;1494;1496;1903;1491;1084;1084;1494;1084;1494;1494;1494;1494;1494;1494;1494;1494;998;998;18;0;0;4;-1
8034792706;8034792147;41;nan;0;58442;0;1494;1541;1903;1491;1084;1084;1494;1084;1494;1494;1494;1494;1494;1494;1494;1494;998;998;18;0;0;4;-1
8035287621;8035287059;41;nan;0;58497;0;1667;1148;1903;1491;1084;1084;1494;1084;1494;1494;1494;1494;1494;1494;1494;1494;998;998;18;0;0;4;-1
8035782525;8035781962;41;nan;0;58552;0;1402;1829;1903;1491;1084;1084;1494;1084;1494;1494;1494;1494;1494;1494;1494;1494;998;998;18;0;0;4;-1
8036299905;8036299347;41;nan;0;58610;0;1494;1497;1903;1491;1084;1084;1494;1084;1494;1494;1494;1494;1494;1494;1494;1494;998;998;18;0;0;4;-1
8036794824;8036794264;41;nan;0;58665;0;1494;1497;1866;1376;1084;1084;1494;1084;1494;1494;1494;1494;1494;1494;1494;1494;998;998;18;0;0;4;-1
8037289717;8037289159;41;nan;0;58720;0;1154;1480;1903;1491;1084;1084;1494;1084;1494;1494;1494;1494;1494;1494;1494;1494;998;998;18;0;0;4;-1
8037784710;8037784152;41;nan;0;58775;0;1465;1891;1902;1491;1084;1084;1494;1084;1494;1494;1494;1494;1494;1494;1494;1494;998;998;18;0;0;4;-1
8038302015;8038301455;41;nan;0;58832;0;1527;1713;1903;1491;1084;1084;1494;1084;1494;1494;1494;1494;1494;1494;1494;1494;998;998;18;0;0;4;-1
8038796956;8038796395;41;nan;0;58887;0;1818;1404;1903;1491;1084;1084;1494;1084;1494;1494;1494;1494;1494;1494;1494;1494;998;998;18;0;0;4;-1
8039291831;8039291268;41;nan;0;58942;0;1084;1495;1903;1491;1084;1084;1494;1084;1494;1494;1494;1494;1494;1494;1494;1494;998;998;18;0;0;4;-1
8039786739;8039786177;41;nan;0;58997;0;1494;1497;1903;1491;1084;1084;1494;1084;1494;1494;1494;1494;1494;1494;1494;1494;998;998;18;0;0;4;-1
8040281640;8040281078;41;nan;0;59052;0;1494;1497;1903;1491;1084;1084;1494;1084;1494;1494;1494;1494;1494;1494;1494;1494;998;998;18;0;0;4;-1
8040799024;8040798465;41;nan;0;59110;0;1903;1232;1903;1491;1084;1084;1494;1084;1494;1494;1494;1494;1494;1494;1494;1494;998;998;18;0;0;4;-1
8041293921;8041293362;41;nan;0;59165;0;1492;1366;1903;1491;1084;1084;1494;1084;1494;1494;1494;1494;1494;1494;1494;1494;998;998;18;0;0;4;-1
8041788823;8041788265;41;nan;0;59220;0;1638;1495;1903;1491;1084;1084;1494;1084;1494;1494;1494;1494;1494;1494;1494;1494;998;998;18;0;0;4;-1
8042283740;8042283177;41;nan;0;59275;0;1627;1183;1903;1491;1084;1084;1494;1084;1494;1494;1494;1494;1494;1494;1494;1494;998;998;18;0;0;4;-1
8042778629;8042778070;41;nan;0;59330;0;1246;1084;1903;1492;1084;1084;1494;1084;1494;1494;1494;1494;1494;1494;1494;1494;998;998;18;0;0;4;-1
8043296027;8043295466;41;nan;0;59387;0;1494;1497;1903;1491;1084;1084;1494;1084;1494;1494;1494;1494;1494;1494;1494;1494;998;998;18;0;0;4;-1
8043791051;8043790409;41;nan;0;59442;0;1495;1496;1903;1491;1084;1084;1494;1084;1494;1494;1494;1494;1494;1494;1494;1494;998;998;18;0;0;4;-1
8044285959;8044285348;41;nan;0;59497;0;1494;1497;1903;1491;1084;1084;1494;1084;1494;1494;1494;1494;1494;1494;1494;1494;998;998;18;0;0;4;-1
8044780871;8044780267;41;nan;0;59552;0;1494;1497;1813;1280;1084;1084;1494;1084;1494;1494;1494;1494;1494;1494;1494;1494;998;998;18;0;0;4;-1
8045298139;8045297577;41;nan;0;59610;0;1494;1496;1877;1491;1084;1084;1494;1084;1494;1494;1494;1494;1494;1494;1494;1494;998;998;18;0;0;4;-1
8045793028;8045792467;41;nan;0;59665;0;1494;1497;1874;1491;1084;1084;1494;1084;1494;1494;1494;1494;1494;1494;1494;1494;998;998;18;0;0;4;-1
8046287947;8046287383;41;nan;0;59720;0;1494;1497;1874;1491;1084;1084;1494;1084;1494;1494;1494;1494;1494;1494;1494;1494;998;998;18;0;0;4;-1
8046782830;8046782272;41;nan;0;59775;0;1494;1497;1903;1494;1084;1084;1494;1084;1494;1494;1494;1494;1494;1494;1494;1494;998;998;18;0;0;4;-1
8047300245;8047299685;41;nan;0;59832;0;1765;1371;1892;1491;1084;1084;1494;1084;1494;1494;1494;1494;1494;1494;1494;1494;998;998;18;0;0;4;-1
8047795139;8047794576;41;nan;0;59887;0;1771;1376;1892;1491;1084;1084;1494;1084;1494;1494;1494;1494;1494;1494;1494;1494;998;998;18;0;0;4;-1
8048290071;8048289512;41;nan;0;59942;0;1495;1497;1892;1491;1084;1084;1494;1084;1494;1494;1494;1494;1494;1494;1494;1494;998;998;18;0;0;4;-1
8048784932;8048784373;41;nan;0;59997;0;1494;1497;1903;1492;1084;1084;1494;1084;1494;1494;1494;1494;1494;1494;1494;1494;998;998;18;0;0;4;-1
8049279888;8049279327;41;nan;0;60052;0;1494;1497;1903;1491;1084;1084;1494;1084;1494;1494;1494;1494;1494;1494;1494;1494;998;998;18;0;0;4;-1
8049797226;8049796666;41;nan;0;60110;0;1494;1497;1903;1491;1084;1084;1494;1084;1494;1494;1494;1494;1494;1494;1494;1494;998;998;18;0;0;4;-1
8050292149;8050291590;41;nan;0;60165;0;1335;1497;1903;1491;1084;1084;1494;1084;1494;1494;1494;1494;1494;1494;1494;1494;998;998;18;0;0;4;-1
8050787026;8050786467;41;nan;0;60220;0;1494;1497;1903;1491;1084;1084;1494;1084;1494;1494;1494;1494;1494;1494;1494;1494;998;998;18;0;0;4;-1
8051281938;8051281376;41;nan;0;60275;0;1756;1497;1903;1491;1084;1084;1494;1084;1494;1494;1494;1494;1494;1494;1494;1494;998;998;18;0;0;4;-1
8051799405;8051798845;41;nan;0;60332;0;1690;1498;1903;1491;1084;1084;1494;1084;1494;1494;1494;1494;1494;1494;1494;1494;998;998;18;0;0;4;-1
8052294248;8052293688;41;nan;0;60387;0;1903;1497;1903;1491;1084;1084;1494;1084;1494;1494;1494;1494;1494;1494;1494;1494;998;998;18;0;0;4;-1
8052789227;8052788667;41;nan;0;60442;0;1495;1497;1903;1491;1084;1084;1494;1084;1494;1494;1494;1494;1494;1494;1494;1494;998;998;18;0;0;4;-1
8053284086;8053283505;41;nan;0;60497;0;1494;1497;1903;1491;1084;1084;1494;1084;1494;1494;1494;1494;1494;1494;1494;1494;998;998;18;0;0;4;-1
8053778984;8053778417;41;nan;0;60552;0;1555;1498;1903;1491;1084;1084;1494;1084;1494;1494;1494;1494;1494;1494;1494;1494;998;998;18;0;0;4;-1
8054296367;8054295808;41;nan;0;60610;0;1495;1497;1903;1491;1084;1084;1494;1084;1494;1494;1494;1494;1494;1494;1494;1494;998;998;18;0;0;4;-1
8054791233;8054790671;41;nan;0;60665;0;1494;1497;1903;1491;1084;1084;1494;1084;1494;1494;1494;1494;1494;1494;1494;1494;998;998;18;0;0;4;-1
8055286124;8055285565;41;nan;0;60720;0;1480;1497;1903;1491;1084;1084;1494;1084;1494;1494;1494;1494;1494;1494;1494;1494;998;998;18;0;0;4;-1
8055781021;8055780461;41;nan;0;60775;0;1422;1536;1903;1491;1084;1084;1494;1084;1494;1494;1494;1494;1494;1494;1494;1494;998;998;18;0;0;4;-1
8056298420;8056297861;41;nan;0;60832;0;1853;1178;1903;1491;1084;1084;1494;1084;1494;1494;1494;1494;1494;1494;1494;1494;998;998;18;0;0;4;-1
8056793396;8056792785;41;nan;0;60887;0;1495;1497;1903;1491;1084;1084;1494;1084;1494;1494;1494;1494;1494;1494;1494;1494;998;998;18;0;0;4;-1
8057288252;8057287693;41;nan;0;60942;0;1494;1497;1903;1354;1084;1084;1494;1084;1494;1494;1494;1494;1494;1494;1494;1494;998;998;18;0;0;4;-1
8057783149;8057782590;41;nan;0;60997;0;1494;1497;1903;1084;1084;1084;1494;1084;1494;1494;1494;1494;1494;1494;1494;1494;998;998;18;0;0;4;-1
8058300574;8058299982;41;nan;0;61055;0;1494;1497;1903;1556;1084;1084;1494;1084;1494;1494;1494;1494;1494;1494;1494;1494;998;998;18;0;0;4;-1
8058795415;8058794856;41;nan;0;61110;0;1494;1497;1903;1901;1084;1084;1494;1084;1494;1494;1494;1494;1494;1494;1494;1494;998;998;18;0;0;4;-1
8059290331;8059289772;41;nan;0;61165;0;1494;1497;1903;1901;1084;1084;1494;1084;1494;1494;1494;1494;1494;1494;1494;1494;998;998;18;0;0;4;-1
8059785213;8059784652;41;nan;0;61220;0;1494;1497;1903;1901;1084;1084;1494;1084;1494;1494;1494;1494;1494;1494;1494;1494;998;998;18;0;0;4;-1
8060280110;8060279550;41;nan;0;61275;0;1184;1084;1903;1901;1084;1084;1494;1084;1494;1494;1494;1494;1494;1494;1494;1494;998;998;18;0;0;4;-1
8060797517;8060796946;41;nan;0;61332;0;1494;1497;1903;1788;1084;1084;1494;1084;1494;1494;1494;1494;1494;1494;1494;1494;998;998;18;0;0;4;-1
8061292406;8061291847;41;nan;0;61387;0;1494;1497;1903;1491;1084;1084;1494;1084;1494;1494;1494;1494;1494;1494;1494;1494;998;998;18;0;0;4;-1
8061787322;8061786763;41;nan;0;61442;0;1494;1497;1903;1084;1084;1084;1494;1084;1494;1494;1494;1494;1494;1494;1494;1494;998;998;18;0;0;4;-1
8062282240;8062281679;41;nan;0;61497;0;1494;1497;1903;1084;1084;1084;1494;1084;1494;1494;1494;1494;1494;1494;1494;1494;998;998;18;0;0;4;-1
8062799605;8062799041;41;nan;0;61555;0;1494;1548;1903;1084;1084;1084;1494;1084;1494;1494;1494;1494;1494;1494;1494;1494;998;998;18;0;0;4;-1
8063294495;8063293936;41;nan;0;61610;0;1478;1084;1903;1084;1084;1084;1494;1084;1494;1494;1494;1494;1494;1494;1494;1494;998;998;18;0;0;4;-1
8063789398;8063788839;41;nan;0;61665;0;1494;1496;1903;1084;1084;1084;1494;1084;1494;1494;1494;1494;1494;1494;1494;1494;998;998;18;0;0;4;-1
8064284325;8064283762;41;nan;0;61720;0;1713;1507;1903;1084;1084;1084;1494;1084;1494;1494;1494;1494;1494;1494;1494;1494;998;998;18;0;0;4;-1
8064779244;8064778684;41;nan;0;61775;0;1495;1497;1903;1364;1084;1084;1494;1084;1494;1494;1494;1494;1494;1494;1494;1494;998;998;18;0;0;4;-1
8065296588;8065296030;41;nan;0;61832;0;1494;1497;1888;1491;1084;1084;1494;1084;1494;1494;1494;1494;1494;1494;1494;1494;998;998;18;0;0;4;-1
8065791487;8065790929;41;nan;0;61887;0;1494;1496;1903;1901;1084;1084;1494;1084;1494;1494;1494;1494;1494;1494;1494;1494;998;998;18;0;0;4;-1
8066286386;8066285827;41;nan;0;61942;0;1084;1497;1903;1901;1084;1084;1494;1084;1494;1494;1494;1494;1494;1494;1494;1494;998;998;18;0;0;4;-1
8066781282;8066780722;41;nan;0;61997;0;1170;1186;1903;1901;1084;1084;1494;1084;1494;1494;1494;1494;1494;1494;1494;1494;998;998;18;0;0;4;-1
8067298685;8067298124;41;nan;0;62055;0;1494;1497;1903;1492;1084;1084;1494;1084;1494;1494;1494;1494;1494;1494;1494;1494;998;998;18;0;0;4;-1
8067793582;8067793020;41;nan;0;62110;0;1494;1497;1872;1491;1084;1084;1494;1084;1494;1494;1494;1494;1494;1494;1494;1494;998;998;18;0;0;4;-1
8068288471;8068287912;41;nan;0;62165;0;1494;1497;1871;1491;1084;1084;1494;1084;1494;1494;1494;1494;1494;1494;1494;1494;998;998;18;0;0;4;-1
8068783371;8068782813;41;nan;0;62220;0;1494;1497;1872;1491;1084;1084;1494;1084;1494;1494;1494;1494;1494;1494;1494;1494;998;998;18;0;0;4;-1
8069300764;8069300204;41;nan;0;62277;0;1494;1497;1903;1084;1084;1084;1494;1084;1494;1494;1494;1494;1494;1494;1494;1494;998;998;18;0;0;4;-1
8069795664;8069795105;41;nan;0;62332;0;1494;1497;1903;1084;1084;1084;1494;1084;1494;1494;1494;1494;1494;1494;1494;1494;998;998;18;0;0;4;-1
8070290577;8070289999;41;nan;0;62387;0;1494;1498;1903;1316;1084;1084;1494;1084;1494;1494;1494;1494;1494;1494;1494;1494;998;998;18;0;0;4;-1
8070785494;8070784898;41;nan;0;62442;0;1494;1497;1903;1901;1084;1084;1494;1084;1494;1494;1494;1494;1494;1494;1494;1494;998;998;18;0;0;4;-1
8071280434;8071279873;41;nan;0;62497;0;1494;1497;1903;1901;1084;1084;1494;1084;1494;1494;1494;1494;1494;1494;1494;1494;998;998;18;0;0;4;-1
8071797835;8071797275;41;nan;0;62554;0;1494;1497;1903;1901;1084;1084;1494;1084;1494;1494;1494;1494;1494;1494;1494;1494;998;998;18;0;0;4;-1
8072292660;8072292100;41;nan;0;62609;0;1494;1497;1903;1901;1084;1084;1494;1084;1494;1494;1494;1494;1494;1494;1494;1494;998;998;18;0;0;4;-1
8072794494;8072793886;41;nan;0;62665;0;1361;1496;1903;1901;1084;1084;1494;1084;1494;1494;1494;1494;1494;1494;1494;1494;998;998;18;0;0;4;-1
8073282500;8073281941;41;nan;0;62719;0;1494;1497;1894;1491;1084;1084;1494;1084;1494;1494;1494;1494;1494;1494;1494;1494;998;998;18;0;0;4;-1
8073777381;8073776822;41;nan;0;62774;0;1494;1497;1886;1491;1084;1084;1494;1084;1494;1494;1494;1494;1494;1494;1494;1494;998;998;18;0;0;4;-1
8074294740;8074294177;41;nan;0;62832;0;1495;1865;1886;1491;1084;1084;1494;1084;1494;1494;1494;1494;1494;1494;1494;1494;998;998;18;0;0;4;-1
8074789628;8074789068;41;nan;0;62887;0;1494;1497;1886;1491;1084;1084;1494;1084;1494;1494;1494;1494;1494;1494;1494;1494;998;998;18;0;0;4;-1
8075284611;8075284052;41;nan;0;62942;0;1494;1495;1886;1491;1084;1084;1494;1084;1494;1494;1494;1494;1494;1494;1494;1494;998;998;18;0;0;4;-1
8075779427;8075778868;41;nan;0;62997;0;1272;1748;1886;1491;1084;1084;1494;1084;1494;1494;1494;1494;1494;1494;1494;1494;998;998;18;0;0;4;-1
8076296824;8076296263;41;nan;0;63054;0;1087;1903;1886;1491;1084;1084;1494;1084;1494;1494;1494;1494;1494;1494;1494;1494;998;998;18;0;0;4;-1
8076791725;8076791162;41;nan;0;63109;0;1494;1497;1886;1491;1084;1084;1494;1084;1494;1494;1494;1494;1494;1494;1494;1494;998;998;18;0;0;4;-1
8077286661;8077286100;41;nan;0;63164;0;1903;1902;1886;1491;1084;1084;1494;1084;1494;1494;1494;1494;1494;1494;1494;1494;998;998;18;0;0;4;-1
8077781507;8077780949;41;nan;0;63219;0;1748;1659;1886;1491;1084;1084;1494;1084;1494;1494;1494;1494;1494;1494;1494;1494;998;998;18;0;0;4;-1
8078298903;8078298341;41;nan;0;63277;0;1494;1496;1886;1491;1084;1084;1494;1084;1494;1494;1494;1494;1494;1494;1494;1494;998;998;18;0;0;4;-1
8078793800;8078793241;41;nan;0;63332;0;1084;1092;1886;1491;1084;1084;1494;1084;1494;1494;1494;1494;1494;1494;1494;1494;998;998;18;0;0;4;-1
8079288791;8079288232;41;nan;0;63387;0;1494;1497;1886;1491;1084;1084;1494;1084;1494;1494;1494;1494;1494;1494;1494;1494;998;998;18;0;0;4;-1
8079783593;8079783034;41;nan;0;63442;0;1572;1424;1886;1491;1084;1084;1494;1084;1494;1494;1494;1494;1494;1494;1494;1494;998;998;18;0;0;4;-1
8080301037;8080300475;41;nan;0;63499;0;1494;1496;1886;1491;1084;1084;1494;1084;1494;1494;1494;1494;1494;1494;1494;1494;998;998;18;0;0;4;-1
8080795912;8080795337;41;nan;0;63554;0;1494;1371;1886;1491;1084;1084;1494;1084;1494;1494;1494;1494;1494;1494;1494;1494;998;998;18;0;0;4;-1
8081290812;8081290218;41;nan;0;63609;0;1495;1277;1886;1491;1084;1084;1494;1084;1494;1494;1494;1494;1494;1494;1494;1494;998;998;18;0;0;4;-1
8081785725;8081785157;41;nan;0;63664;0;1495;1161;1886;1491;1084;1084;1494;1084;1494;1494;1494;1494;1494;1494;1494;1494;998;998;18;0;0;4;-1
8082280642;8082280011;41;nan;0;63719;0;1494;1084;1886;1491;1084;1084;1494;1084;1494;1494;1494;1494;1494;1494;1494;1494;998;998;18;0;0;4;-1
8082797968;8082797406;41;nan;0;63777;0;1494;1084;1886;1491;1084;1084;1494;1084;1494;1494;1494;1494;1494;1494;1494;1494;998;998;18;0;0;4;-1
8083292935;8083292376;41;nan;0;63832;0;1475;1084;1886;1491;1084;1084;1494;1084;1494;1494;1494;1494;1494;1494;1494;1494;998;998;18;0;0;4;-1
8083787749;8083787190;41;nan;0;63887;0;1494;1496;1886;1491;1084;1084;1494;1084;1494;1494;1494;1494;1494;1494;1494;1494;998;998;18;0;0;4;-1
8084282646;8084282088;41;nan;0;63942;0;1494;1530;1886;1491;1084;1084;1494;1084;1494;1494;1494;1494;1494;1494;1494;1494;998;998;18;0;0;4;-1
8084800179;8084799590;41;nan;0;63999;0;1494;1744;1886;1491;1084;1084;1494;1084;1494;1494;1494;1494;1494;1494;1494;1494;998;998;18;0;0;4;-1
8085294950;8085294389;41;nan;0;64054;0;1404;1246;1886;1491;1084;1084;1494;1084;1494;1494;1494;1494;1494;1494;1494;1494;998;998;18;0;0;4;-1
8085789908;8085789337;41;nan;0;64109;0;1494;1494;1886;1491;1084;1084;1494;1084;1494;1494;1494;1494;1494;1494;1494;1494;998;998;18;0;0;4;-1
8086284742;8086284177;41;nan;0;64164;0;1494;1496;1886;1491;1084;1084;1494;1084;1494;1494;1494;1494;1494;1494;1494;1494;998;998;18;0;0;4;-1
8086802154;8086801595;41;nan;0;64222;0;1494;1497;1898;1491;1084;1084;1494;1084;1494;1494;1494;1494;1494;1494;1494;1494;998;998;18;0;0;4;-1
8087297102;8087296539;41;nan;0;64277;0;1494;1274;1898;1491;1084;1084;1494;1084;1494;1494;1494;1494;1494;1494;1494;1494;998;998;18;0;0;4;-1
8087791908;8087791349;41;nan;0;64332;0;1494;1497;1898;1491;1084;1084;1494;1084;1494;1494;1494;1494;1494;1494;1494;1494;998;998;18;0;0;4;-1
8088286805;8088286246;41;nan;0;64387;0;1494;1338;1898;1491;1084;1084;1494;1084;1494;1494;1494;1494;1494;1494;1494;1494;998;998;18;0;0;4;-1
8088781704;8088781144;41;nan;0;64442;0;1495;1368;1898;1491;1084;1084;1494;1084;1494;1494;1494;1494;1494;1494;1494;1494;998;998;18;0;0;4;-1
8089299137;8089298578;41;nan;0;64499;0;1495;1354;1898;1491;1084;1084;1494;1084;1494;1494;1494;1494;1494;1494;1494;1494;998;998;18;0;0;4;-1
8089794067;8089793481;41;nan;0;64554;0;1494;1340;1898;1491;1084;1084;1494;1084;1494;1494;1494;1494;1494;1494;1494;1494;998;998;18;0;0;4;-1
8090288906;8090288324;41;nan;0;64609;0;1495;1344;1898;1491;1084;1084;1494;1084;1494;1494;1494;1494;1494;1494;1494;1494;998;998;18;0;0;4;-1
8090783779;8090783220;41;nan;0;64664;0;1328;1444;1898;1491;1084;1084;1494;1084;1494;1494;1494;1494;1494;1494;1494;1494;998;998;18;0;0;4;-1
8091278685;8091278114;41;nan;0;64719;0;1346;1402;1898;1491;1084;1084;1494;1084;1494;1494;1494;1494;1494;1494;1494;1494;998;998;18;0;0;4;-1
8091796101;8091795542;41;nan;0;64777;0;1371;1427;1898;1491;1084;1084;1494;1084;1494;1494;1494;1494;1494;1494;1494;1494;998;998;18;0;0;4;-1
8092290961;8092290402;41;nan;0;64832;0;1372;1435;1898;1491;1084;1084;1494;1084;1494;1494;1494;1494;1494;1494;1494;1494;998;998;18;0;0;4;-1
8092785869;8092785308;41;nan;0;64887;0;1698;1643;1898;1491;1084;1084;1494;1084;1494;1494;1494;1494;1494;1494;1494;1494;998;998;18;0;0;4;-1
8093280750;8093280192;41;nan;0;64942;0;1753;1601;1898;1491;1084;1084;1494;1084;1494;1494;1494;1494;1494;1494;1494;1494;998;998;18;0;0;4;-1
8093798144;8093797585;41;nan;0;64999;0;1748;1593;1898;1491;1084;1084;1494;1084;1494;1494;1494;1494;1494;1494;1494;1494;998;998;18;0;0;4;-1
8094293050;8094292489;41;nan;0;65054;0;1748;1588;1898;1491;1084;1084;1494;1084;1494;1494;1494;1494;1494;1494;1494;1494;998;998;18;0;0;4;-1
8094787965;8094787406;41;nan;0;65109;0;1765;1595;1898;1491;1084;1084;1494;1084;1494;1494;1494;1494;1494;1494;1494;1494;998;998;18;0;0;4;-1
8095282844;8095282281;41;nan;0;65164;0;1798;1581;1898;1491;1084;1084;1494;1084;1494;1494;1494;1494;1494;1494;1494;1494;998;998;18;0;0;4;-1
8095800288;8095799730;41;nan;0;65222;0;1818;1590;1898;1491;1084;1084;1494;1084;1494;1494;1494;1494;1494;1494;1494;1494;998;998;18;0;0;4;-1
8096295117;8096294558;41;nan;0;65277;0;1814;1587;1898;1491;1084;1084;1494;1084;1494;1494;1494;1494;1494;1494;1494;1494;998;998;18;0;0;4;-1
8096790006;8096789447;41;nan;0;65331;0;1805;1581;1898;1491;1084;1084;1494;1084;1494;1494;1494;1494;1494;1494;1494;1494;998;998;18;0;0;4;-1
8097284902;8097284343;41;nan;0;65386;0;1733;1763;1898;1491;1084;1084;1494;1084;1494;1494;1494;1494;1494;1494;1494;1494;998;998;18;0;0;4;-1
8097802322;8097801763;41;nan;0;65444;0;1651;1681;1898;1491;1084;1084;1494;1084;1494;1494;1494;1494;1494;1494;1494;1494;998;998;18;0;0;4;-1
8098297189;8098296630;41;nan;0;65499;0;1494;1497;1898;1491;1084;1084;1494;1084;1494;1494;1494;1494;1494;1494;1494;1494;998;998;18;0;0;4;-1
8098792082;8098791523;41;nan;0;18;0;1494;1497;1898;1491;1084;1084;1494;1084;1494;1494;1494;1494;1494;1494;1494;1494;998;998;18;0;0;4;-1
8099286976;8099286417;41;nan;0;73;0;1494;1497;1898;1491;1084;1084;1494;1084;1494;1494;1494;1494;1494;1494;1494;1494;998;998;18;0;0;4;-1
8099781881;8099781320;41;nan;0;128;0;1494;1546;1898;1491;1084;1084;1494;1084;1494;1494;1494;1494;1494;1494;1494;1494;998;998;18;0;0;4;-1
8100299334;8100298775;41;nan;0;185;0;1587;1681;1898;1491;1084;1084;1494;1084;1494;1494;1494;1494;1494;1494;1494;1494;998;998;18;0;0;4;-1
8100794242;8100793683;41;nan;0;240;0;1585;1698;1898;1491;1084;1084;1494;1084;1494;1494;1494;1494;1494;1494;1494;1494;998;998;18;0;0;4;-1
8101289055;8101288496;41;nan;0;295;0;1593;1705;1898;1491;1084;1084;1494;1084;1494;1494;1494;1494;1494;1494;1494;1494;998;998;18;0;0;4;-1
8101783966;8101783407;41;nan;0;350;0;1598;1705;1898;1491;1084;1084;1494;1084;1494;1494;1494;1494;1494;1494;1494;1494;998;998;18;0;0;4;-1
8102278843;8102278284;41;nan;0;405;0;1494;1442;1898;1491;1084;1084;1494;1084;1494;1494;1494;1494;1494;1494;1494;1494;998;998;18;0;0;4;-1
8102796233;8102795674;41;nan;0;463;0;1494;1313;1898;1491;1084;1084;1494;1084;1494;1494;1494;1494;1494;1494;1494;1494;998;998;18;0;0;4;-1
8103291136;8103290576;41;nan;0;518;0;1494;1276;1898;1491;1084;1084;1494;1084;1494;1494;1494;1494;1494;1494;1494;1494;998;998;18;0;0;4;-1
8103786026;8103785465;41;nan;0;573;0;1495;1284;1898;1491;1084;1084;1494;1084;1494;1494;1494;1494;1494;1494;1494;1494;998;998;18;0;0;4;-1
8104280916;8104280352;41;nan;0;628;0;1495;1282;1898;1491;1084;1084;1494;1084;1494;1494;1494;1494;1494;1494;1494;1494;998;998;18;0;0;4;-1
8104798355;8104797795;41;nan;0;685;0;1495;1288;1898;1491;1084;1084;1494;1084;1494;1494;1494;1494;1494;1494;1494;1494;998;998;18;0;0;4;-1
8105293274;8105292694;41;nan;0;740;0;1495;1290;1898;1491;1084;1084;1494;1084;1494;1494;1494;1494;1494;1494;1494;1494;998;998;18;0;0;4;-1
8105788093;8105787534;41;nan;0;795;0;1495;1292;1898;1491;1084;1084;1494;1084;1494;1494;1494;1494;1494;1494;1494;1494;998;998;18;0;0;4;-1
8106283065;8106282503;41;nan;0;850;0;1495;1416;1898;1491;1084;1084;1494;1084;1494;1494;1494;1494;1494;1494;1494;1494;998;998;18;0;0;4;-1
8106800377;8106799818;41;nan;0;908;0;1439;1497;1898;1491;1084;1084;1494;1084;1494;1494;1494;1494;1494;1494;1494;1494;998;998;18;0;0;4;-1
8107295262;8107294704;41;nan;0;963;0;1314;1497;1898;1491;1084;1084;1494;1084;1494;1494;1494;1494;1494;1494;1494;1494;998;998;18;0;0;4;-1
8107790170;8107789609;41;nan;0;1018;0;1305;1497;1898;1491;1084;1084;1494;1084;1494;1494;1494;1494;1494;1494;1494;1494;998;998;18;0;0;4;-1
8108285051;8108284492;41;nan;0;1073;0;1396;1656;1898;1491;1084;1084;1494;1084;1494;1494;1494;1494;1494;1494;1494;1494;998;998;18;0;0;4;-1
8108779964;8108779400;41;nan;0;1128;0;1395;1656;1898;1491;1084;1084;1494;1084;1494;1494;1494;1494;1494;1494;1494;1494;998;998;18;0;0;4;-1
8109297451;8109296890;41;nan;0;1185;0;1395;1656;1898;1491;1084;1084;1494;1084;1494;1494;1494;1494;1494;1494;1494;1494;998;998;18;0;0;4;-1
8109792275;8109791716;41;nan;0;1240;0;1406;1667;1898;1491;1084;1084;1494;1084;1494;1494;1494;1494;1494;1494;1494;1494;998;998;18;0;0;4;-1
8110287160;8110286593;41;nan;0;1295;0;1396;1670;1898;1491;1084;1084;1494;1084;1494;1494;1494;1494;1494;1494;1494;1494;998;998;18;0;0;4;-1
8110782078;8110781520;41;nan;0;1350;0;1482;1694;1898;1491;1084;1084;1494;1084;1494;1494;1494;1494;1494;1494;1494;1494;998;998;18;0;0;4;-1
8111299413;8111298854;41;nan;0;1408;0;1721;1781;1898;1491;1084;1084;1494;1084;1494;1494;1494;1494;1494;1494;1494;1494;998;998;18;0;0;4;-1
8111794308;8111793749;41;nan;0;1463;0;1717;1779;1898;1491;1084;1084;1494;1084;1494;1494;1494;1494;1494;1494;1494;1494;998;998;18;0;0;4;-1
8112289198;8112288639;41;nan;0;1518;0;1713;1780;1898;1491;1084;1084;1494;1084;1494;1494;1494;1494;1494;1494;1494;1494;998;998;18;0;0;4;-1
8112784101;8112783539;41;nan;0;1573;0;1681;1793;1898;1491;1084;1084;1494;1084;1494;1494;1494;1494;1494;1494;1494;1494;998;998;18;0;0;4;-1
8113286057;8113285498;41;nan;0;1629;0;1639;1903;1898;1491;1084;1084;1494;1084;1494;1494;1494;1494;1494;1494;1494;1494;998;998;18;0;0;4;-1
8113796388;8113795827;41;nan;0;1685;0;1591;1828;1898;1491;1084;1084;1494;1084;1494;1494;1494;1494;1494;1494;1494;1494;998;998;18;0;0;4;-1
8114298176;8114297615;41;nan;0;1741;0;1495;1356;1898;1491;1084;1084;1494;1084;1494;1494;1494;1494;1494;1494;1494;1494;998;998;18;0;0;4;-1
8114786200;8114785642;41;nan;0;1795;0;1495;1286;1898;1491;1084;1084;1494;1084;1494;1494;1494;1494;1494;1494;1494;1494;998;998;18;0;0;4;-1
8115281109;8115280502;41;nan;0;1850;0;1495;1223;1898;1491;1084;1084;1494;1084;1494;1494;1494;1494;1494;1494;1494;1494;998;998;18;0;0;4;-1
8115798465;8115797906;41;nan;0;1908;0;1495;1201;1898;1491;1084;1084;1494;1084;1494;1494;1494;1494;1494;1494;1494;1494;998;998;18;0;0;4;-1
8116293439;8116292881;41;nan;0;1963;0;1605;1160;1898;1491;1084;1084;1494;1084;1494;1494;1494;1494;1494;1494;1494;1494;998;998;18;0;0;4;-1
8116788244;8116787682;41;nan;0;2018;0;1625;1156;1898;1491;1084;1084;1494;1084;1494;1494;1494;1494;1494;1494;1494;1494;998;998;18;0;0;4;-1
8117283126;8117282568;41;nan;0;2073;0;1627;1161;1898;1491;1084;1084;1494;1084;1494;1494;1494;1494;1494;1494;1494;1494;998;998;18;0;0;4;-1
8117800528;8117799960;41;nan;0;2130;0;1648;1166;1898;1491;1084;1084;1494;1084;1494;1494;1494;1494;1494;1494;1494;1494;998;998;18;0;0;4;-1
8118295421;8118294845;41;nan;0;2185;0;1763;1494;1898;1491;1084;1084;1494;1084;1494;1494;1494;1494;1494;1494;1494;1494;998;998;18;0;0;4;-1
8118790301;8118789743;41;nan;0;2240;0;1655;1474;1898;1491;1084;1084;1494;1084;1494;1494;1494;1494;1494;1494;1494;1494;998;998;18;0;0;4;-1
8119285206;8119284644;41;nan;0;2295;0;1295;1495;1898;1491;1084;1084;1494;1084;1494;1494;1494;1494;1494;1494;1494;1494;998;998;18;0;0;4;-1
8119780101;8119779521;41;nan;0;2350;0;1601;1495;1898;1491;1084;1084;1494;1084;1494;1494;1494;1494;1494;1494;1494;1494;998;998;18;0;0;4;-1
8120297576;8120297016;41;nan;0;2408;0;1494;1730;1898;1491;1084;1084;1494;1084;1494;1494;1494;1494;1494;1494;1494;1494;998;998;18;0;0;4;-1
8120792362;8120791804;41;nan;0;2463;0;1492;1423;1898;1491;1084;1084;1494;1084;1494;1494;1494;1494;1494;1494;1494;1494;998;998;18;0;0;4;-1
8121287258;8121286699;41;nan;0;2518;0;1494;1222;1898;1491;1084;1084;1494;1084;1494;1494;1494;1494;1494;1494;1494;1494;998;998;18;0;0;4;-1
8121782164;8121781603;41;nan;0;2573;0;1495;1224;1898;1491;1084;1084;1494;1084;1494;1494;1494;1494;1494;1494;1494;1494;998;998;18;0;0;4;-1
8122299542;8122298983;41;nan;0;2630;0;1308;1358;1898;1491;1084;1084;1494;1084;1494;1494;1494;1494;1494;1494;1494;1494;998;998;18;0;0;4;-1
8122794444;8122793881;41;nan;0;2685;0;1266;1338;1898;1491;1084;1084;1494;1084;1494;1494;1494;1494;1494;1494;1494;1494;998;998;18;0;0;4;-1
8123289331;8123288771;41;nan;0;2740;0;1638;1497;1898;1491;1084;1084;1494;1084;1494;1494;1494;1494;1494;1494;1494;1494;998;998;18;0;0;4;-1
8123784232;8123783669;41;nan;0;2795;0;1677;1498;1898;1491;1084;1084;1494;1084;1494;1494;1494;1494;1494;1494;1494;1494;998;998;18;0;0;4;-1
8124279112;8124278553;41;nan;0;2850;0;1673;1621;1898;1491;1084;1084;1494;1084;1494;1494;1494;1494;1494;1494;1494;1494;998;998;18;0;0;4;-1
8124796515;8124795941;41;nan;0;2907;0;1688;1684;1898;1491;1084;1084;1494;1084;1494;1494;1494;1494;1494;1494;1494;1494;998;998;18;0;0;4;-1
8125291430;8125290843;41;nan;0;2962;0;1497;1503;1898;1491;1084;1084;1494;1084;1494;1494;1494;1494;1494;1494;1494;1494;998;998;18;0;0;4;-1
8125786354;8125785761;41;nan;0;3017;0;1412;1498;1898;1491;1084;1084;1494;1084;1494;1494;1494;1494;1494;1494;1494;1494;998;998;18;0;0;4;-1
8126281270;8126280665;41;nan;0;3072;0;1697;1496;1898;1491;1084;1084;1494;1084;1494;1494;1494;1494;1494;1494;1494;1494;998;998;18;0;0;4;-1
8126798571;8126798013;41;nan;0;3130;0;1492;1497;1898;1491;1084;1084;1494;1084;1494;1494;1494;1494;1494;1494;1494;1494;998;998;18;0;0;4;-1
8127293484;8127292925;41;nan;0;3185;0;1494;1497;1898;1491;1084;1084;1494;1084;1494;1494;1494;1494;1494;1494;1494;1494;998;998;18;0;0;4;-1
8127788355;8127787796;41;nan;0;3240;0;1494;1497;1903;1114;1084;1084;1494;1084;1494;1494;1494;1494;1494;1494;1494;1494;998;998;18;0;0;4;-1
8128283247;8128282688;41;nan;0;3295;0;1548;1496;1903;1084;1084;1084;1494;1084;1494;1494;1494;1494;1494;1494;1494;1494;998;998;18;0;0;4;-1
8128800635;8128800075;41;nan;0;3352;0;1627;1498;1903;1084;1084;1084;1494;1084;1494;1494;1494;1494;1494;1494;1494;1494;998;998;18;0;0;4;-1
8129295567;8129295008;41;nan;0;3407;0;1705;1497;1903;1084;1084;1084;1494;1084;1494;1494;1494;1494;1494;1494;1494;1494;998;998;18;0;0;4;-1
8129790457;8129789897;41;nan;0;3462;0;1495;1497;1903;1491;1084;1084;1494;1084;1494;1494;1494;1494;1494;1494;1494;1494;998;998;18;0;0;4;-1
8130285355;8130284792;41;nan;0;3517;0;1491;1535;1903;1491;1084;1084;1494;1084;1494;1494;1494;1494;1494;1494;1494;1494;998;998;18;0;0;4;-1
8130780264;8130779703;41;nan;0;3572;0;1499;1706;1903;1492;1084;1084;1494;1084;1494;1494;1494;1494;1494;1494;1494;1494;998;998;18;0;0;4;-1
8131297591;8131297032;41;nan;0;3630;0;1503;1691;1903;1705;1084;1084;1494;1084;1494;1494;1494;1494;1494;1494;1494;1494;998;998;18;0;0;4;-1
8131792493;8131791930;41;nan;0;3685;0;1495;1688;1903;1901;1084;1084;1494;1084;1494;1494;1494;1494;1494;1494;1494;1494;998;998;18;0;0;4;-1
8132287376;8132286817;41;nan;0;3740;0;1498;1690;1903;1901;1084;1084;1494;1084;1494;1494;1494;1494;1494;1494;1494;1494;998;998;18;0;0;4;-1
8132782274;8132781716;41;nan;0;3795;0;1498;1694;1903;1901;1084;1084;1494;1084;1494;1494;1494;1494;1494;1494;1494;1494;998;998;18;0;0;4;-1
8133299667;8133299105;41;nan;0;3852;0;1494;1500;1903;1585;1084;1084;1494;1084;1494;1494;1494;1494;1494;1494;1494;1494;998;998;18;0;0;4;-1
8133794564;8133794005;41;nan;0;3907;0;1494;1371;1903;1491;1084;1084;1494;1084;1494;1494;1494;1494;1494;1494;1494;1494;998;998;18;0;0;4;-1
8134289473;8134288913;41;nan;0;3962;0;1495;1244;1903;1492;1084;1084;1494;1084;1494;1494;1494;1494;1494;1494;1494;1494;998;998;18;0;0;4;-1
8134784352;8134783793;41;nan;0;4017;0;1359;1158;1903;1491;1084;1084;1494;1084;1494;1494;1494;1494;1494;1494;1494;1494;998;998;18;0;0;4;-1
8135301745;8135301170;41;nan;0;4075;0;1377;1174;1903;1108;1084;1084;1494;1084;1494;1494;1494;1494;1494;1494;1494;1494;998;998;18;0;0;4;-1
8135796612;8135796053;41;nan;0;4130;0;1390;1168;1903;1084;1084;1084;1494;1084;1494;1494;1494;1494;1494;1494;1494;1494;998;998;18;0;0;4;-1
8136291505;8136290947;41;nan;0;4185;0;1408;1181;1903;1084;1084;1084;1494;1084;1494;1494;1494;1494;1494;1494;1494;1494;998;998;18;0;0;4;-1
8136786428;8136785869;41;nan;0;4240;0;1413;1180;1903;1084;1084;1084;1494;1084;1494;1494;1494;1494;1494;1494;1494;1494;998;998;18;0;0;4;-1
8137281416;8137280825;41;nan;0;4295;0;1424;1183;1903;1084;1084;1084;1494;1084;1494;1494;1494;1494;1494;1494;1494;1494;998;998;18;0;0;4;-1
8137798731;8137798168;41;nan;0;4352;0;1492;1331;1903;1109;1084;1084;1494;1084;1494;1494;1494;1494;1494;1494;1494;1494;998;998;18;0;0;4;-1
8138293636;8138293078;41;nan;0;4407;0;1330;1472;1903;1901;1084;1084;1494;1084;1494;1494;1494;1494;1494;1494;1494;1494;998;998;18;0;0;4;-1
8138788550;8138787991;41;nan;0;4462;0;1164;1471;1903;1901;1084;1084;1494;1084;1494;1494;1494;1494;1494;1494;1494;1494;998;998;18;0;0;4;-1
8139283469;8139282902;41;nan;0;4517;0;1187;1494;1903;1901;1084;1084;1494;1084;1494;1494;1494;1494;1494;1494;1494;1494;998;998;18;0;0;4;-1
8139800786;8139800227;41;nan;0;4575;0;1114;1579;1903;1900;1084;1084;1494;1084;1494;1494;1494;1494;1494;1494;1494;1494;998;998;18;0;0;4;-1
8140295634;8140295075;41;nan;0;4630;0;1494;1502;1903;1644;1084;1084;1494;1084;1494;1494;1494;1494;1494;1494;1494;1494;998;998;18;0;0;4;-1
8140790547;8140789987;41;nan;0;4685;0;1495;1497;1835;1465;1084;1084;1494;1084;1494;1494;1494;1494;1494;1494;1494;1494;998;998;18;0;0;4;-1
8141285512;8141284953;41;nan;0;4740;0;1495;1497;1903;1491;1084;1084;1494;1084;1494;1494;1494;1494;1494;1494;1494;1494;998;998;18;0;0;4;-1
8141780303;8141779745;41;nan;0;4795;0;1495;1497;1903;1142;1084;1084;1494;1084;1494;1494;1494;1494;1494;1494;1494;1494;998;998;18;0;0;4;-1
8142297745;8142297150;41;nan;0;4852;0;1495;1497;1827;1084;1084;1084;1494;1084;1494;1494;1494;1494;1494;1494;1494;1494;998;998;18;0;0;4;-1
8142792588;8142792028;41;nan;0;4907;0;1495;1497;1807;1094;1084;1084;1494;1084;1494;1494;1494;1494;1494;1494;1494;1494;998;998;18;0;0;4;-1
8143287490;8143286929;41;nan;0;4962;0;1494;1497;1903;1901;1084;1084;1494;1084;1494;1494;1494;1494;1494;1494;1494;1494;998;998;18;0;0;4;-1
8143782384;8143781815;41;nan;0;5017;0;1494;1497;1903;1901;1084;1084;1494;1084;1494;1494;1494;1494;1494;1494;1494;1494;998;998;18;0;0;4;-1
8144299759;8144299199;41;nan;0;5075;0;1494;1497;1903;1491;1084;1084;1494;1084;1494;1494;1494;1494;1494;1494;1494;1494;998;998;18;0;0;4;-1
8144794650;8144794091;41;nan;0;5130;0;1494;1497;1903;1084;1084;1084;1494;1084;1494;1494;1494;1494;1494;1494;1494;1494;998;998;18;0;0;4;-1
8145289619;8145289061;41;nan;0;5185;0;1494;1497;1903;1084;1084;1084;1494;1084;1494;1494;1494;1494;1494;1494;1494;1494;998;998;18;0;0;4;-1
8145784427;8145783868;41;nan;0;5240;0;1495;1497;1903;1084;1084;1084;1494;1084;1494;1494;1494;1494;1494;1494;1494;1494;998;998;18;0;0;4;-1
8146301837;8146301278;41;nan;0;5297;0;1495;1497;1889;1491;1084;1084;1494;1084;1494;1494;1494;1494;1494;1494;1494;1494;998;998;18;0;0;4;-1
8146796706;8146796143;41;nan;0;5352;0;1494;1496;1890;1491;1084;1084;1494;1084;1494;1494;1494;1494;1494;1494;1494;1494;998;998;18;0;0;4;-1
8147291625;8147291042;41;nan;0;5407;0;1644;1501;1890;1491;1084;1084;1494;1084;1494;1494;1494;1494;1494;1494;1494;1494;998;998;18;0;0;4;-1
8147786497;8147785936;41;nan;0;5462;0;1757;1497;1890;1491;1084;1084;1494;1084;1494;1494;1494;1494;1494;1494;1494;1494;998;998;18;0;0;4;-1
8148281388;8148280827;41;nan;0;5517;0;1788;1497;1890;1491;1084;1084;1494;1084;1494;1494;1494;1494;1494;1494;1494;1494;998;998;18;0;0;4;-1
8148798767;8148798208;41;nan;0;5575;0;1784;1278;1890;1491;1084;1084;1494;1084;1494;1494;1494;1494;1494;1494;1494;1494;998;998;18;0;0;4;-1
8149293743;8149293183;41;nan;0;5630;0;1795;1290;1890;1491;1084;1084;1494;1084;1494;1494;1494;1494;1494;1494;1494;1494;998;998;18;0;0;4;-1
8149788548;8149787988;41;nan;0;5685;0;1804;1273;1890;1491;1084;1084;1494;1084;1494;1494;1494;1494;1494;1494;1494;1494;998;998;18;0;0;4;-1
8150283441;8150282882;41;nan;0;5740;0;1314;1408;1891;1491;1084;1084;1494;1084;1494;1494;1494;1494;1494;1494;1494;1494;998;998;18;0;0;4;-1
8150778334;8150777775;41;nan;0;5794;0;1226;1354;1890;1491;1084;1084;1494;1084;1494;1494;1494;1494;1494;1494;1494;1494;998;998;18;0;0;4;-1
8151295717;8151295156;41;nan;0;5852;0;1254;1243;1890;1491;1084;1084;1494;1084;1494;1494;1494;1494;1494;1494;1494;1494;998;998;18;0;0;4;-1
8151790612;8151790054;41;nan;0;5907;0;1291;1264;1890;1491;1084;1084;1494;1084;1494;1494;1494;1494;1494;1494;1494;1494;998;998;18;0;0;4;-1
8152285499;8152284940;41;nan;0;5962;0;1492;1656;1890;1491;1084;1084;1494;1084;1494;1494;1494;1494;1494;1494;1494;1494;998;998;18;0;0;4;-1
8152780385;8152779826;41;nan;0;6017;0;1495;1748;1890;1491;1084;1084;1494;1084;1494;1494;1494;1494;1494;1494;1494;1494;998;998;18;0;0;4;-1
8153297840;8153297281;41;nan;0;6074;0;1495;1739;1890;1491;1084;1084;1494;1084;1494;1494;1494;1494;1494;1494;1494;1494;998;998;18;0;0;4;-1
8153792682;8153792113;41;nan;0;6129;0;1721;1813;1890;1491;1084;1084;1494;1084;1494;1494;1494;1494;1494;1494;1494;1494;998;998;18;0;0;4;-1
8154287593;8154287008;41;nan;0;6184;0;1723;1797;1890;1491;1084;1084;1494;1084;1494;1494;1494;1494;1494;1494;1494;1494;998;998;18;0;0;4;-1
8154789554;8154788962;41;nan;0;6240;0;1706;1788;1890;1491;1084;1084;1494;1084;1494;1494;1494;1494;1494;1494;1494;1494;998;998;18;0;0;4;-1
8155299836;8155299277;41;nan;0;6297;0;1714;1778;1890;1491;1084;1084;1494;1084;1494;1494;1494;1494;1494;1494;1494;1494;998;998;18;0;0;4;-1
8155772365;8155771762;41;nan;0;6349;0;1494;1560;1890;1491;1084;1084;1494;1084;1494;1494;1494;1494;1494;1494;1494;1494;998;998;18;0;0;4;-1
8156289624;8156289063;41;nan;0;6407;0;1196;1737;1890;1491;1084;1084;1494;1084;1494;1494;1494;1494;1494;1494;1494;1494;998;998;18;0;0;4;-1
8156784501;8156783943;41;nan;0;6462;0;1161;1724;1890;1491;1084;1084;1494;1084;1494;1494;1494;1494;1494;1494;1494;1494;998;998;18;0;0;4;-1
8157301970;8157301412;41;nan;0;6519;0;1176;1728;1890;1491;1084;1084;1494;1084;1494;1494;1494;1494;1494;1494;1494;1494;998;998;18;0;0;4;-1
8157796805;8157796247;41;nan;0;6574;0;1263;1738;1890;1491;1084;1084;1494;1084;1494;1494;1494;1494;1494;1494;1494;1494;998;998;18;0;0;4;-1
8158291712;8158291154;41;nan;0;6629;0;1745;1284;1890;1491;1084;1084;1494;1084;1494;1494;1494;1494;1494;1494;1494;1494;998;998;18;0;0;4;-1
8158786615;8158786055;41;nan;0;6684;0;1767;1313;1890;1491;1084;1084;1494;1084;1494;1494;1494;1494;1494;1494;1494;1494;998;998;18;0;0;4;-1
8159281522;8159280963;41;nan;0;6739;0;1328;1431;1890;1491;1084;1084;1494;1084;1494;1494;1494;1494;1494;1494;1494;1494;998;998;18;0;0;4;-1
8159798837;8159798278;41;nan;0;6797;0;1206;1362;1890;1491;1084;1084;1494;1084;1494;1494;1494;1494;1494;1494;1494;1494;998;998;18;0;0;4;-1
8160293724;8160293163;41;nan;0;6852;0;1264;1412;1890;1491;1084;1084;1494;1084;1494;1494;1494;1494;1494;1494;1494;1494;998;998;18;0;0;4;-1
8160788619;8160788061;41;nan;0;6907;0;1284;1414;1890;1491;1084;1084;1494;1084;1494;1494;1494;1494;1494;1494;1494;1494;998;998;18;0;0;4;-1
8161283509;8161282949;41;nan;0;6962;0;1308;1486;1890;1491;1084;1084;1494;1084;1494;1494;1494;1494;1494;1494;1494;1494;998;998;18;0;0;4;-1
8161778397;8161777838;41;nan;0;7017;0;1494;1791;1890;1491;1084;1084;1494;1084;1494;1494;1494;1494;1494;1494;1494;1494;998;998;18;0;0;4;-1
8162295800;8162295241;41;nan;0;7074;0;1494;1795;1890;1491;1084;1084;1494;1084;1494;1494;1494;1494;1494;1494;1494;1494;998;998;18;0;0;4;-1
8162790711;8162790153;41;nan;0;7129;0;1730;1858;1890;1491;1084;1084;1494;1084;1494;1494;1494;1494;1494;1494;1494;1494;998;998;18;0;0;4;-1
8163285622;8163285059;41;nan;0;7184;0;1735;1742;1890;1491;1084;1084;1494;1084;1494;1494;1494;1494;1494;1494;1494;1494;998;998;18;0;0;4;-1
8163780530;8163779970;41;nan;0;7239;0;1845;1365;1890;1491;1084;1084;1494;1084;1494;1494;1494;1494;1494;1494;1494;1494;998;998;18;0;0;4;-1
8164297844;8164297284;41;nan;0;7297;0;1783;1210;1890;1491;1084;1084;1494;1084;1494;1494;1494;1494;1494;1494;1494;1494;998;998;18;0;0;4;-1
8164792758;8164792199;41;nan;0;7352;0;1616;1084;1890;1491;1084;1084;1494;1084;1494;1494;1494;1494;1494;1494;1494;1494;998;998;18;0;0;4;-1
8165287620;8165287062;41;nan;0;7407;0;1257;1338;1890;1491;1084;1084;1494;1084;1494;1494;1494;1494;1494;1494;1494;1494;998;998;18;0;0;4;-1
8165782514;8165781954;41;nan;0;7462;0;1482;1497;1890;1491;1084;1084;1494;1084;1494;1494;1494;1494;1494;1494;1494;1494;998;998;18;0;0;4;-1
8166299978;8166299418;41;nan;0;7519;0;1494;1497;1890;1491;1084;1084;1494;1084;1494;1494;1494;1494;1494;1494;1494;1494;998;998;18;0;0;4;-1
8166794782;8166794223;41;nan;0;7574;0;1494;1496;1903;1200;1084;1084;1494;1084;1494;1494;1494;1494;1494;1494;1494;1494;998;998;18;0;0;4;-1
8167289805;8167289245;41;nan;0;7629;0;1494;1497;1903;1235;1084;1084;1494;1084;1494;1494;1494;1494;1494;1494;1494;1494;998;998;18;0;0;4;-1
8167784590;8167784025;41;nan;0;7684;0;1494;1496;1903;1226;1084;1084;1494;1084;1494;1494;1494;1494;1494;1494;1494;1494;998;998;18;0;0;4;-1
8168279486;8168278926;41;nan;0;7739;0;1494;1496;1903;1534;1084;1084;1494;1084;1494;1494;1494;1494;1494;1494;1494;1494;998;998;18;0;0;4;-1
8168796875;8168796315;41;nan;0;7797;0;1494;1497;1903;1901;1084;1084;1494;1084;1494;1494;1494;1494;1494;1494;1494;1494;998;998;18;0;0;4;-1
8169291739;8169291176;41;nan;0;7852;0;1494;1496;1903;1901;1084;1084;1494;1084;1494;1494;1494;1494;1494;1494;1494;1494;998;998;18;0;0;4;-1
8169786619;8169786059;41;nan;0;7907;0;1494;1497;1903;1901;1084;1084;1494;1084;1494;1494;1494;1494;1494;1494;1494;1494;998;998;18;0;0;4;-1
8170281572;8170281010;41;nan;0;7962;0;1494;1497;1903;1901;1084;1084;1494;1084;1494;1494;1494;1494;1494;1494;1494;1494;998;998;18;0;0;4;-1
8170798908;8170798349;41;nan;0;8019;0;1494;1496;1903;1901;1084;1084;1494;1084;1494;1494;1494;1494;1494;1494;1494;1494;998;998;18;0;0;4;-1
8171293821;8171293251;41;nan;0;8074;0;1494;1497;1903;1492;1084;1084;1494;1084;1494;1494;1494;1494;1494;1494;1494;1494;998;998;18;0;0;4;-1
8171788716;8171788117;41;nan;0;8129;0;1494;1788;1903;1492;1084;1084;1494;1084;1494;1494;1494;1494;1494;1494;1494;1494;998;998;18;0;0;4;-1
8172283621;8172283009;41;nan;0;8184;0;1494;1754;1903;1491;1084;1084;1494;1084;1494;1494;1494;1494;1494;1494;1494;1494;998;998;18;0;0;4;-1
8172800965;8172800406;41;nan;0;8242;0;1495;1184;1903;1492;1084;1084;1494;1084;1494;1494;1494;1494;1494;1494;1494;1494;998;998;18;0;0;4;-1
8173295831;8173295271;41;nan;0;8297;0;1494;1495;1903;1491;1084;1084;1494;1084;1494;1494;1494;1494;1494;1494;1494;1494;998;998;18;0;0;4;-1
8173790725;8173790164;41;nan;0;8352;0;1495;1257;1903;1492;1084;1084;1494;1084;1494;1494;1494;1494;1494;1494;1494;1494;998;998;18;0;0;4;-1
8174285655;8174285097;41;nan;0;8407;0;1495;1261;1903;1491;1084;1084;1494;1084;1494;1494;1494;1494;1494;1494;1494;1494;998;998;18;0;0;4;-1
8174780513;8174779951;41;nan;0;8462;0;1495;1231;1903;1491;1084;1084;1494;1084;1494;1494;1494;1494;1494;1494;1494;1494;998;998;18;0;0;4;-1
8175297890;8175297332;41;nan;0;8519;0;1500;1738;1903;1492;1084;1084;1494;1084;1494;1494;1494;1494;1494;1494;1494;1494;998;998;18;0;0;4;-1
8175792794;8175792231;41;nan;0;8574;0;1761;1676;1903;1492;1084;1084;1494;1084;1494;1494;1494;1494;1494;1494;1494;1494;998;998;18;0;0;4;-1
8176287664;8176287105;41;nan;0;8629;0;1670;1611;1903;1492;1084;1084;1494;1084;1494;1494;1494;1494;1494;1494;1494;1494;998;998;18;0;0;4;-1
8176782555;8176781996;41;nan;0;8684;0;1304;1503;1903;1492;1084;1084;1494;1084;1494;1494;1494;1494;1494;1494;1494;1494;998;998;18;0;0;4;-1
8177299938;8177299379;41;nan;0;8742;0;1285;1498;1903;1492;1084;1084;1494;1084;1494;1494;1494;1494;1494;1494;1494;1494;998;998;18;0;0;4;-1
8177794825;8177794263;41;nan;0;8796;0;1680;1501;1903;1492;1084;1084;1494;1084;1494;1494;1494;1494;1494;1494;1494;1494;998;998;18;0;0;4;-1
8178289757;8178289198;41;nan;0;8851;0;1358;1498;1903;1491;1084;1084;1494;1084;1494;1494;1494;1494;1494;1494;1494;1494;998;998;18;0;0;4;-1
8178784603;8178784042;41;nan;0;8906;0;1258;1496;1903;1492;1084;1084;1494;1084;1494;1494;1494;1494;1494;1494;1494;1494;998;998;18;0;0;4;-1
8179279493;8179278933;41;nan;0;8961;0;1269;1497;1903;1491;1084;1084;1494;1084;1494;1494;1494;1494;1494;1494;1494;1494;998;998;18;0;0;4;-1
8179796880;8179796322;41;nan;0;9019;0;1278;1497;1897;1491;1084;1084;1494;1084;1494;1494;1494;1494;1494;1494;1494;1494;998;998;18;0;0;4;-1
8180291769;8180291210;41;nan;0;9074;0;1265;1495;1897;1491;1084;1084;1494;1084;1494;1494;1494;1494;1494;1494;1494;1494;998;998;18;0;0;4;-1
8180786659;8180786101;41;nan;0;9129;0;1681;1526;1897;1491;1084;1084;1494;1084;1494;1494;1494;1494;1494;1494;1494;1494;998;998;18;0;0;4;-1
8181281557;8181280996;41;nan;0;9184;0;1587;1499;1897;1491;1084;1084;1494;1084;1494;1494;1494;1494;1494;1494;1494;1494;998;998;18;0;0;4;-1
8181798960;8181798400;41;nan;0;9241;0;1156;1497;1897;1491;1084;1084;1494;1084;1494;1494;1494;1494;1494;1494;1494;1494;998;998;18;0;0;4;-1
8182293874;8182293313;41;nan;0;9296;0;1494;1497;1897;1491;1084;1084;1494;1084;1494;1494;1494;1494;1494;1494;1494;1494;998;998;18;0;0;4;-1
8182788707;8182788149;41;nan;0;9351;0;1494;1220;1897;1491;1084;1084;1494;1084;1494;1494;1494;1494;1494;1494;1494;1494;998;998;18;0;0;4;-1
8183283592;8183283034;41;nan;0;9406;0;1498;1326;1896;1491;1084;1084;1494;1084;1494;1494;1494;1494;1494;1494;1494;1494;998;998;18;0;0;4;-1
8183800992;8183800431;41;nan;0;9464;0;1692;1347;1896;1491;1084;1084;1494;1084;1494;1494;1494;1494;1494;1494;1494;1494;998;998;18;0;0;4;-1
8184295865;8184295305;41;nan;0;9519;0;1394;1728;1897;1491;1084;1084;1494;1084;1494;1494;1494;1494;1494;1494;1494;1494;998;998;18;0;0;4;-1
8184790757;8184790199;41;nan;0;9574;0;1369;1734;1897;1491;1084;1084;1494;1084;1494;1494;1494;1494;1494;1494;1494;1494;998;998;18;0;0;4;-1
8185285654;8185285093;41;nan;0;9629;0;1296;1654;1898;1491;1084;1084;1494;1084;1494;1494;1494;1494;1494;1494;1494;1494;998;998;18;0;0;4;-1
8185780534;8185779974;41;nan;0;9684;0;1495;1471;1901;1491;1084;1084;1494;1084;1494;1494;1494;1494;1494;1494;1494;1494;998;998;18;0;0;4;-1
8186298012;8186297446;41;nan;0;9741;0;1167;1451;1903;1491;1084;1084;1494;1084;1494;1494;1494;1494;1494;1494;1494;1494;998;998;18;0;0;4;-1
8186792810;8186792251;41;nan;0;9796;0;1129;1352;1903;1491;1084;1084;1494;1084;1494;1494;1494;1494;1494;1494;1494;1494;998;998;18;0;0;4;-1
8187287744;8187287173;41;nan;0;9851;0;1494;1496;1903;1491;1084;1084;1494;1084;1494;1494;1494;1494;1494;1494;1494;1494;998;998;18;0;0;4;-1
8187782629;8187782070;41;nan;0;9906;0;1498;1496;1903;1491;1084;1084;1494;1084;1494;1494;1494;1494;1494;1494;1494;1494;998;998;18;0;0;4;-1
8188299967;8188299408;41;nan;0;9964;0;1444;1495;1903;1491;1084;1084;1494;1084;1494;1494;1494;1494;1494;1494;1494;1494;998;998;18;0;0;4;-1
8188794848;8188794290;41;nan;0;10019;0;1495;1497;1903;1477;1084;1084;1494;1084;1494;1494;1494;1494;1494;1494;1494;1494;998;998;18;0;0;4;-1
8189289750;8189289182;41;nan;0;10074;0;1494;1497;1903;1084;1084;1084;1494;1084;1494;1494;1494;1494;1494;1494;1494;1494;998;998;18;0;0;4;-1
8189784664;8189784076;41;nan;0;10129;0;1494;1495;1903;1084;1084;1084;1494;1084;1494;1494;1494;1494;1494;1494;1494;1494;998;998;18;0;0;4;-1
8190279526;8190278964;41;nan;0;10184;0;1494;1531;1903;1084;1084;1084;1494;1084;1494;1494;1494;1494;1494;1494;1494;1494;998;998;18;0;0;4;-1
8190797010;8190796450;41;nan;0;10241;0;1091;1496;1903;1086;1084;1084;1494;1084;1494;1494;1494;1494;1494;1494;1494;1494;998;998;18;0;0;4;-1
8191291841;8191291281;41;nan;0;10296;0;1473;1560;1903;1100;1084;1084;1494;1084;1494;1494;1494;1494;1494;1494;1494;1494;998;998;18;0;0;4;-1
8191786711;8191786152;41;nan;0;10351;0;1737;1345;1903;1400;1084;1084;1494;1084;1494;1494;1494;1494;1494;1494;1494;1494;998;998;18;0;0;4;-1
8192281618;8192281051;41;nan;0;10406;0;1495;1497;1903;1901;1084;1084;1494;1084;1494;1494;1494;1494;1494;1494;1494;1494;998;998;18;0;0;4;-1
8192798957;8192798395;41;nan;0;10464;0;1836;1429;1903;1901;1084;1084;1494;1084;1494;1494;1494;1494;1494;1494;1494;1494;998;998;18;0;0;4;-1
8193293840;8193293282;41;nan;0;10519;0;1551;1316;1903;1894;1084;1084;1494;1084;1494;1494;1494;1494;1494;1494;1494;1494;998;998;18;0;0;4;-1
8193788725;8193788166;41;nan;0;10574;0;1494;1497;1903;1868;1084;1084;1494;1084;1494;1494;1494;1494;1494;1494;1494;1494;998;998;18;0;0;4;-1
8194283631;8194283073;41;nan;0;10629;0;1494;1497;1903;1873;1084;1084;1494;1084;1494;1494;1494;1494;1494;1494;1494;1494;998;998;18;0;0;4;-1
8194801028;8194800467;41;nan;0;10686;0;1495;1498;1903;1844;1084;1084;1494;1084;1494;1494;1494;1494;1494;1494;1494;1494;998;998;18;0;0;4;-1
8195295905;8195295346;41;nan;0;10741;0;1495;1496;1903;1828;1084;1084;1494;1084;1494;1494;1494;1494;1494;1494;1494;1494;998;998;18;0;0;4;-1
8195790775;8195790215;41;nan;0;10796;0;1494;1497;1903;1729;1084;1084;1494;1084;1494;1494;1494;1494;1494;1494;1494;1494;998;998;18;0;0;4;-1
8196292618;8196292060;41;nan;0;10852;0;1494;1497;1903;1491;1084;1084;1494;1084;1494;1494;1494;1494;1494;1494;1494;1494;998;998;18;0;0;4;-1
8196780574;8196779995;41;nan;0;10906;0;1494;1497;1903;1491;1084;1084;1494;1084;1494;1494;1494;1494;1494;1494;1494;1494;998;998;18;0;0;4;-1
8197275466;8197274882;41;nan;0;10961;0;1494;1497;1903;1491;1084;1084;1494;1084;1494;1494;1494;1494;1494;1494;1494;1494;998;998;18;0;0;4;-1
8197792868;8197792309;41;nan;0;11019;0;1494;1497;1903;1491;1084;1084;1494;1084;1494;1494;1494;1494;1494;1494;1494;1494;998;998;18;0;0;4;-1
8198287718;8198287158;41;nan;0;11074;0;1495;1497;1903;1491;1084;1084;1494;1084;1494;1494;1494;1494;1494;1494;1494;1494;998;998;18;0;0;4;-1
8198782596;8198782037;41;nan;0;11129;0;1494;1497;1903;1491;1084;1084;1494;1084;1494;1494;1494;1494;1494;1494;1494;1494;998;998;18;0;0;4;-1
8199300026;8199299456;41;nan;0;11186;0;1494;1497;1903;1491;1084;1084;1494;1084;1494;1494;1494;1494;1494;1494;1494;1494;998;998;18;0;0;4;-1
8199794893;8199794333;41;nan;0;11241;0;1495;1496;1903;1491;1084;1084;1494;1084;1494;1494;1494;1494;1494;1494;1494;1494;998;998;18;0;0;4;-1
8200289760;8200289199;41;nan;0;11296;0;1494;1497;1903;1491;1084;1084;1494;1084;1494;1494;1494;1494;1494;1494;1494;1494;998;998;18;0;0;4;-1
8200784641;8200784082;41;nan;0;11351;0;1494;1497;1903;1491;1084;1084;1494;1084;1494;1494;1494;1494;1494;1494;1494;1494;998;998;18;0;0;4;-1
8201279532;8201278967;41;nan;0;11406;0;1494;1498;1903;1491;1084;1084;1494;1084;1494;1494;1494;1494;1494;1494;1494;1494;998;998;18;0;0;4;-1
8201796906;8201796347;41;nan;0;11464;0;1495;1675;1903;1491;1084;1084;1494;1084;1494;1494;1494;1494;1494;1494;1494;1494;998;998;18;0;0;4;-1
8202291802;8202291241;41;nan;0;11519;0;1495;1718;1903;1491;1084;1084;1494;1084;1494;1494;1494;1494;1494;1494;1494;1494;998;998;18;0;0;4;-1
8202786763;8202786203;41;nan;0;11574;0;1495;1753;1903;1491;1084;1084;1494;1084;1494;1494;1494;1494;1494;1494;1494;1494;998;998;18;0;0;4;-1
8203281570;8203281009;41;nan;0;11629;0;1494;1210;1903;1491;1084;1084;1494;1084;1494;1494;1494;1494;1494;1494;1494;1494;998;998;18;0;0;4;-1
8203798946;8203798387;41;nan;0;11686;0;1494;1780;1903;1491;1084;1084;1494;1084;1494;1494;1494;1494;1494;1494;1494;1494;998;998;18;0;0;4;-1
8204293833;8204293273;41;nan;0;11741;0;1168;1497;1903;1491;1084;1084;1494;1084;1494;1494;1494;1494;1494;1494;1494;1494;998;998;18;0;0;4;-1
8204788733;8204788169;41;nan;0;11796;0;1812;1498;1903;1491;1084;1084;1494;1084;1494;1494;1494;1494;1494;1494;1494;1494;998;998;18;0;0;4;-1
8205283622;8205283061;41;nan;0;11851;0;1338;1903;1903;1491;1084;1084;1494;1084;1494;1494;1494;1494;1494;1494;1494;1494;998;998;18;0;0;4;-1
8205801012;8205800450;41;nan;0;11908;0;1220;1772;1903;1491;1084;1084;1494;1084;1494;1494;1494;1494;1494;1494;1494;1494;998;998;18;0;0;4;-1
8206295931;8206295344;41;nan;0;11963;0;1725;1799;1903;1491;1084;1084;1494;1084;1494;1494;1494;1494;1494;1494;1494;1494;998;998;18;0;0;4;-1
8206790851;8206790287;41;nan;0;12018;0;1683;1248;1903;1491;1084;1084;1494;1084;1494;1494;1494;1494;1494;1494;1494;1494;998;998;18;0;0;4;-1
8207285769;8207285168;41;nan;0;12073;0;1495;1497;1903;1491;1084;1084;1494;1084;1494;1494;1494;1494;1494;1494;1494;1494;998;998;18;0;0;4;-1
8207780552;8207779990;41;nan;0;12128;0;1494;1497;1903;1491;1084;1084;1494;1084;1494;1494;1494;1494;1494;1494;1494;1494;998;998;18;0;0;4;-1
8208297925;8208297366;41;nan;0;12186;0;1494;1497;1903;1491;1084;1084;1494;1084;1494;1494;1494;1494;1494;1494;1494;1494;998;998;18;0;0;4;-1
8208792828;8208792266;41;nan;0;12241;0;1494;1497;1903;1491;1084;1084;1494;1084;1494;1494;1494;1494;1494;1494;1494;1494;998;998;18;0;0;4;-1
8209287698;8209287138;41;nan;0;12296;0;1494;1497;1903;1491;1084;1084;1494;1084;1494;1494;1494;1494;1494;1494;1494;1494;998;998;18;0;0;4;-1
8209782585;8209782026;41;nan;0;12351;0;1494;1497;1903;1491;1084;1084;1494;1084;1494;1494;1494;1494;1494;1494;1494;1494;998;998;18;0;0;4;-1
8210277473;8210276914;41;nan;0;12406;0;1495;1496;1903;1491;1084;1084;1494;1084;1494;1494;1494;1494;1494;1494;1494;1494;998;998;18;0;0;4;-1
8210794959;8210794400;41;nan;0;12463;0;1473;1497;1903;1491;1084;1084;1494;1084;1494;1494;1494;1494;1494;1494;1494;1494;998;998;18;0;0;4;-1
8211289768;8211289209;41;nan;0;12518;0;1494;1497;1903;1491;1084;1084;1494;1084;1494;1494;1494;1494;1494;1494;1494;1494;998;998;18;0;0;4;-1
8211784628;8211784069;41;nan;0;12573;0;1494;1472;1903;1491;1084;1084;1494;1084;1494;1494;1494;1494;1494;1494;1494;1494;998;998;18;0;0;4;-1
8212279529;8212278967;41;nan;0;12628;0;1494;1243;1903;1491;1084;1084;1494;1084;1494;1494;1494;1494;1494;1494;1494;1494;998;998;18;0;0;4;-1
8212796908;8212796345;41;nan;0;12686;0;1495;1495;1903;1491;1084;1084;1494;1084;1494;1494;1494;1494;1494;1494;1494;1494;998;998;18;0;0;4;-1
8213291784;8213291224;41;nan;0;12741;0;1494;1498;1903;1491;1084;1084;1494;1084;1494;1494;1494;1494;1494;1494;1494;1494;998;998;18;0;0;4;-1
8213786670;8213786111;41;nan;0;12796;0;1494;1497;1903;1491;1084;1084;1494;1084;1494;1494;1494;1494;1494;1494;1494;1494;998;998;18;0;0;4;-1
8214281581;8214281009;41;nan;0;12851;0;1494;1497;1903;1491;1084;1084;1494;1084;1494;1494;1494;1494;1494;1494;1494;1494;998;998;18;0;0;4;-1
8214799028;8214798469;41;nan;0;12908;0;1494;1497;1903;1491;1084;1084;1494;1084;1494;1494;1494;1494;1494;1494;1494;1494;998;998;18;0;0;4;-1
8215293842;8215293283;41;nan;0;12963;0;1494;1497;1903;1491;1084;1084;1494;1084;1494;1494;1494;1494;1494;1494;1494;1494;998;998;18;0;0;4;-1
8215788738;8215788177;41;nan;0;13018;0;1494;1497;1903;1491;1084;1084;1494;1084;1494;1494;1494;1494;1494;1494;1494;1494;998;998;18;0;0;4;-1
8216283635;8216283066;41;nan;0;13073;0;1494;1497;1903;1491;1084;1084;1494;1084;1494;1494;1494;1494;1494;1494;1494;1494;998;998;18;0;0;4;-1
8216800974;8216800414;41;nan;0;13131;0;1494;1497;1903;1491;1084;1084;1494;1084;1494;1494;1494;1494;1494;1494;1494;1494;998;998;18;0;0;4;-1
8217295864;8217295305;41;nan;0;13186;0;1494;1497;1903;1491;1084;1084;1494;1084;1494;1494;1494;1494;1494;1494;1494;1494;998;998;18;0;0;4;-1
8217790750;8217790190;41;nan;0;13241;0;1494;1497;1903;1491;1084;1084;1494;1084;1494;1494;1494;1494;1494;1494;1494;1494;998;998;18;0;0;4;-1
8218285637;8218285076;41;nan;0;13296;0;1494;1497;1903;1491;1084;1084;1494;1084;1494;1494;1494;1494;1494;1494;1494;1494;998;998;18;0;0;4;-1
8218780544;8218779985;41;nan;0;13351;0;1494;1497;1903;1520;1084;1084;1494;1084;1494;1494;1494;1494;1494;1494;1494;1494;998;998;18;0;0;4;-1
8219297946;8219297387;41;nan;0;13408;0;1494;1497;1903;1491;1084;1084;1494;1084;1494;1494;1494;1494;1494;1494;1494;1494;998;998;18;0;0;4;-1
8219792828;8219792268;41;nan;0;13463;0;1494;1497;1903;1491;1084;1084;1494;1084;1494;1494;1494;1494;1494;1494;1494;1494;998;998;18;0;0;4;-1
8220287766;8220287188;41;nan;0;13518;0;1494;1497;1903;1491;1084;1084;1494;1084;1494;1494;1494;1494;1494;1494;1494;1494;998;998;18;0;0;4;-1
8220782601;8220782032;41;nan;0;13573;0;1494;1497;1903;1491;1084;1084;1494;1084;1494;1494;1494;1494;1494;1494;1494;1494;998;998;18;0;0;4;-1
8221299940;8221299380;41;nan;0;13631;0;1494;1497;1903;1491;1084;1084;1494;1084;1494;1494;1494;1494;1494;1494;1494;1494;998;998;18;0;0;4;-1
8221794834;8221794275;41;nan;0;13686;0;1494;1497;1903;1491;1084;1084;1494;1084;1494;1494;1494;1494;1494;1494;1494;1494;998;998;18;0;0;4;-1
8222289715;8222289157;41;nan;0;13741;0;1494;1497;1903;1491;1084;1084;1494;1084;1494;1494;1494;1494;1494;1494;1494;1494;998;998;18;0;0;4;-1
8222784635;8222784077;41;nan;0;13796;0;1494;1497;1903;1491;1084;1084;1494;1084;1494;1494;1494;1494;1494;1494;1494;1494;998;998;18;0;0;4;-1
8223302031;8223301472;41;nan;0;13853;0;1494;1497;1903;1491;1084;1084;1494;1084;1494;1494;1494;1494;1494;1494;1494;1494;998;998;18;0;0;4;-1
8223796886;8223796324;41;nan;0;13908;0;1494;1497;1903;1491;1084;1084;1494;1084;1494;1494;1494;1494;1494;1494;1494;1494;998;998;18;0;0;4;-1
8224291779;8224291205;41;nan;0;13963;0;1494;1497;1903;1491;1084;1084;1494;1084;1494;1494;1494;1494;1494;1494;1494;1494;998;998;18;0;0;4;-1
8224786654;8224786079;41;nan;0;14018;0;1494;1497;1903;1491;1084;1084;1494;1084;1494;1494;1494;1494;1494;1494;1494;1494;998;998;18;0;0;4;-1
8225281540;8225280979;41;nan;0;14073;0;1494;1497;1903;1491;1084;1084;1494;1084;1494;1494;1494;1494;1494;1494;1494;1494;998;998;18;0;0;4;-1
8225798957;8225798395;41;nan;0;14131;0;1494;1497;1903;1491;1084;1084;1494;1084;1494;1494;1494;1494;1494;1494;1494;1494;998;998;18;0;0;4;-1
8226293819;8226293260;41;nan;0;14186;0;1494;1497;1903;1491;1084;1084;1494;1084;1494;1494;1494;1494;1494;1494;1494;1494;998;998;18;0;0;4;-1
8226788696;8226788132;41;nan;0;14241;0;1494;1497;1903;1491;1084;1084;1494;1084;1494;1494;1494;1494;1494;1494;1494;1494;998;998;18;0;0;4;-1
8227283583;8227283023;41;nan;0;14296;0;1281;1691;1903;1491;1084;1084;1494;1084;1494;1494;1494;1494;1494;1494;1494;1494;998;998;18;0;0;4;-1
8227778468;8227777907;41;nan;0;14351;0;1494;1498;1903;1491;1084;1084;1494;1084;1494;1494;1494;1494;1494;1494;1494;1494;998;998;18;0;0;4;-1
8228295832;8228295273;41;nan;0;14408;0;1494;1497;1903;1491;1084;1084;1494;1084;1494;1494;1494;1494;1494;1494;1494;1494;998;998;18;0;0;4;-1
8228790719;8228790160;41;nan;0;14463;0;1494;1497;1903;1491;1084;1084;1494;1084;1494;1494;1494;1494;1494;1494;1494;1494;998;998;18;0;0;4;-1
8229285605;8229285046;41;nan;0;14518;0;1494;1497;1903;1491;1084;1084;1494;1084;1494;1494;1494;1494;1494;1494;1494;1494;998;998;18;0;0;4;-1
8229780494;8229779935;41;nan;0;14573;0;1494;1497;1903;1491;1084;1084;1494;1084;1494;1494;1494;1494;1494;1494;1494;1494;998;998;18;0;0;4;-1
8230297912;8230297327;41;nan;0;14631;0;1495;1497;1903;1491;1084;1084;1494;1084;1494;1494;1494;1494;1494;1494;1494;1494;998;998;18;0;0;4;-1
8230792831;8230792240;41;nan;0;14686;0;1521;1483;1903;1491;1084;1084;1494;1084;1494;1494;1494;1494;1494;1494;1494;1494;998;998;18;0;0;4;-1
8231287746;8231287173;41;nan;0;14741;0;1495;1497;1903;1491;1084;1084;1494;1084;1494;1494;1494;1494;1494;1494;1494;1494;998;998;18;0;0;4;-1
8231782675;8231782084;41;nan;0;14795;0;1495;1497;1903;1491;1084;1084;1494;1084;1494;1494;1494;1494;1494;1494;1494;1494;998;998;18;0;0;4;-1
8232299910;8232299352;41;nan;0;14853;0;1495;1497;1903;1491;1084;1084;1494;1084;1494;1494;1494;1494;1494;1494;1494;1494;998;998;18;0;0;4;-1
8232794826;8232794265;41;nan;0;14908;0;1494;1497;1903;1491;1084;1084;1494;1084;1494;1494;1494;1494;1494;1494;1494;1494;998;998;18;0;0;4;-1
8233289681;8233289123;41;nan;0;14963;0;1494;1497;1903;1491;1084;1084;1494;1084;1494;1494;1494;1494;1494;1494;1494;1494;998;998;18;0;0;4;-1
8233784572;8233784011;41;nan;0;15018;0;1494;1497;1903;1491;1084;1084;1494;1084;1494;1494;1494;1494;1494;1494;1494;1494;998;998;18;0;0;4;-1
8234301978;8234301419;41;nan;0;15075;0;1494;1497;1903;1491;1084;1084;1494;1084;1494;1494;1494;1494;1494;1494;1494;1494;998;998;18;0;0;4;-1
8234796834;8234796274;41;nan;0;15130;0;1627;1497;1903;1491;1084;1084;1494;1084;1494;1494;1494;1494;1494;1494;1494;1494;998;998;18;0;0;4;-1
8235291857;8235291296;41;nan;0;15185;0;1636;1498;1903;1491;1084;1084;1494;1084;1494;1494;1494;1494;1494;1494;1494;1494;998;998;18;0;0;4;-1
8235786614;8235786050;41;nan;0;15240;0;1494;1497;1903;1491;1084;1084;1494;1084;1494;1494;1494;1494;1494;1494;1494;1494;998;998;18;0;0;4;-1
8236281528;8236280946;41;nan;0;15295;0;1444;1495;1903;1491;1084;1084;1494;1084;1494;1494;1494;1494;1494;1494;1494;1494;998;998;18;0;0;4;-1
8236798869;8236798306;41;nan;0;15353;0;1418;1495;1903;1491;1084;1084;1494;1084;1494;1494;1494;1494;1494;1494;1494;1494;998;998;18;0;0;4;-1
8237293752;8237293193;41;nan;0;15408;0;1494;1495;1903;1491;1084;1084;1494;1084;1494;1494;1494;1494;1494;1494;1494;1494;998;998;18;0;0;4;-1
8237795621;8237795062;41;nan;0;15464;0;1614;1495;1903;1491;1084;1084;1494;1084;1494;1494;1494;1494;1494;1494;1494;1494;998;998;18;0;0;4;-1
8238283535;8238282974;41;nan;0;15518;0;1636;1497;1903;1491;1084;1084;1494;1084;1494;1494;1494;1494;1494;1494;1494;1494;998;998;18;0;0;4;-1
8238778424;8238777865;41;nan;0;15573;0;1495;1676;1903;1491;1084;1084;1494;1084;1494;1494;1494;1494;1494;1494;1494;1494;998;998;18;0;0;4;-1
8239295965;8239295403;41;nan;0;15630;0;1495;1654;1903;1491;1084;1084;1494;1084;1494;1494;1494;1494;1494;1494;1494;1494;998;998;18;0;0;4;-1
8239790722;8239790162;41;nan;0;15685;0;1496;1348;1903;1491;1084;1084;1494;1084;1494;1494;1494;1494;1494;1494;1494;1494;998;998;18;0;0;4;-1
8240285652;8240285093;41;nan;0;15740;0;1510;1356;1903;1491;1084;1084;1494;1084;1494;1494;1494;1494;1494;1494;1494;1494;998;998;18;0;0;4;-1
8240780454;8240779893;41;nan;0;15795;0;1507;1359;1903;1491;1084;1084;1494;1084;1494;1494;1494;1494;1494;1494;1494;1494;998;998;18;0;0;4;-1
8241297821;8241297262;41;nan;0;15853;0;1498;1359;1903;1491;1084;1084;1494;1084;1494;1494;1494;1494;1494;1494;1494;1494;998;998;18;0;0;4;-1
8241792709;8241792151;41;nan;0;15908;0;1495;1547;1903;1491;1084;1084;1494;1084;1494;1494;1494;1494;1494;1494;1494;1494;998;998;18;0;0;4;-1
8242287627;8242287068;41;nan;0;15963;0;1494;1607;1903;1491;1084;1084;1494;1084;1494;1494;1494;1494;1494;1494;1494;1494;998;998;18;0;0;4;-1
8242782480;8242781922;41;nan;0;16018;0;1494;1620;1903;1491;1084;1084;1494;1084;1494;1494;1494;1494;1494;1494;1494;1494;998;998;18;0;0;4;-1
8243299965;8243299403;41;nan;0;16075;0;1370;1646;1903;1491;1084;1084;1494;1084;1494;1494;1494;1494;1494;1494;1494;1494;998;998;18;0;0;4;-1
8243794801;8243794242;41;nan;0;16130;0;1380;1629;1903;1491;1084;1084;1494;1084;1494;1494;1494;1494;1494;1494;1494;1494;998;998;18;0;0;4;-1
8244289665;8244289106;41;nan;0;16185;0;1621;1289;1903;1491;1084;1084;1494;1084;1494;1494;1494;1494;1494;1494;1494;1494;998;998;18;0;0;4;-1
8244784553;8244783971;41;nan;0;16240;0;1613;1304;1903;1491;1084;1084;1494;1084;1494;1494;1494;1494;1494;1494;1494;1494;998;998;18;0;0;4;-1
8245279479;8245278888;41;nan;0;16295;0;1494;1497;1903;1491;1084;1084;1494;1084;1494;1494;1494;1494;1494;1494;1494;1494;998;998;18;0;0;4;-1
8245796797;8245796239;41;nan;0;16353;0;1314;1497;1903;1491;1084;1084;1494;1084;1494;1494;1494;1494;1494;1494;1494;1494;998;998;18;0;0;4;-1
8246291665;8246291107;41;nan;0;16408;0;1494;1497;1903;1886;1084;1084;1494;1084;1494;1494;1494;1494;1494;1494;1494;1494;998;998;18;0;0;4;-1
8246786548;8246785986;41;nan;0;16463;0;1494;1497;1903;1901;1084;1084;1494;1084;1494;1494;1494;1494;1494;1494;1494;1494;998;998;18;0;0;4;-1
8247281441;8247280880;41;nan;0;16518;0;1494;1497;1903;1491;1084;1084;1494;1084;1494;1494;1494;1494;1494;1494;1494;1494;998;998;18;0;0;4;-1
8247798825;8247798263;41;nan;0;16575;0;1494;1497;1903;1084;1084;1084;1494;1084;1494;1494;1494;1494;1494;1494;1494;1494;998;998;18;0;0;4;-1
8248293731;8248293144;41;nan;0;16630;0;1494;1497;1888;1255;1084;1084;1494;1084;1494;1494;1494;1494;1494;1494;1494;1494;998;998;18;0;0;4;-1
8248788597;8248788038;41;nan;0;16685;0;1494;1497;1863;1491;1084;1084;1494;1084;1494;1494;1494;1494;1494;1494;1494;1494;998;998;18;0;0;4;-1
8249283486;8249282925;41;nan;0;16740;0;1494;1497;1864;1491;1084;1084;1494;1084;1494;1494;1494;1494;1494;1494;1494;1494;998;998;18;0;0;4;-1
8249800854;8249800292;41;nan;0;16798;0;1494;1497;1865;1491;1084;1084;1494;1084;1494;1494;1494;1494;1494;1494;1494;1494;998;998;18;0;0;4;-1
8250295728;8250295168;41;nan;0;16853;0;1494;1497;1865;1491;1084;1084;1494;1084;1494;1494;1494;1494;1494;1494;1494;1494;998;998;18;0;0;4;-1
8250790617;8250790058;41;nan;0;16908;0;1494;1497;1865;1491;1084;1084;1494;1084;1494;1494;1494;1494;1494;1494;1494;1494;998;998;18;0;0;4;-1
8251285495;8251284936;41;nan;0;16963;0;1494;1497;1865;1491;1084;1084;1494;1084;1494;1494;1494;1494;1494;1494;1494;1494;998;998;18;0;0;4;-1
8251802889;8251802318;41;nan;0;17020;0;1494;1497;1865;1491;1084;1084;1494;1084;1494;1494;1494;1494;1494;1494;1494;1494;998;998;18;0;0;4;-1
8252297760;8252297200;41;nan;0;17075;0;1494;1497;1865;1491;1084;1084;1494;1084;1494;1494;1494;1494;1494;1494;1494;1494;998;998;18;0;0;4;-1
8252792642;8252792084;41;nan;0;17130;0;1494;1497;1865;1491;1084;1084;1494;1084;1494;1494;1494;1494;1494;1494;1494;1494;998;998;18;0;0;4;-1
8253287564;8253286993;41;nan;0;17185;0;1494;1497;1865;1491;1084;1084;1494;1084;1494;1494;1494;1494;1494;1494;1494;1494;998;998;18;0;0;4;-1
8253782414;8253781855;41;nan;0;17240;0;1494;1497;1865;1491;1084;1084;1494;1084;1494;1494;1494;1494;1494;1494;1494;1494;998;998;18;0;0;4;-1
8254299798;8254299239;41;nan;0;17298;0;1494;1497;1865;1491;1084;1084;1494;1084;1494;1494;1494;1494;1494;1494;1494;1494;998;998;18;0;0;4;-1
8254794675;8254794116;41;nan;0;17353;0;1494;1497;1865;1491;1084;1084;1494;1084;1494;1494;1494;1494;1494;1494;1494;1494;998;998;18;0;0;4;-1
8255289565;8255289006;41;nan;0;17408;0;1495;1497;1865;1491;1084;1084;1494;1084;1494;1494;1494;1494;1494;1494;1494;1494;998;998;18;0;0;4;-1
8255784451;8255783892;41;nan;0;17463;0;1494;1497;1865;1491;1084;1084;1494;1084;1494;1494;1494;1494;1494;1494;1494;1494;998;998;18;0;0;4;-1
8256279362;8256278801;41;nan;0;17518;0;1494;1497;1865;1491;1084;1084;1494;1084;1494;1494;1494;1494;1494;1494;1494;1494;998;998;18;0;0;4;-1
8256796705;8256796146;41;nan;0;17575;0;1494;1497;1865;1491;1084;1084;1494;1084;1494;1494;1494;1494;1494;1494;1494;1494;998;998;18;0;0;4;-1
8257291595;8257291035;41;nan;0;17630;0;1494;1497;1865;1491;1084;1084;1494;1084;1494;1494;1494;1494;1494;1494;1494;1494;998;998;18;0;0;4;-1
8257786488;8257785926;41;nan;0;17685;0;1494;1497;1865;1491;1084;1084;1494;1084;1494;1494;1494;1494;1494;1494;1494;1494;998;998;18;0;0;4;-1
8258281360;8258280802;41;nan;0;17740;0;1494;1497;1865;1491;1084;1084;1494;1084;1494;1494;1494;1494;1494;1494;1494;1494;998;998;18;0;0;4;-1
8258798751;8258798191;41;nan;0;17797;0;1494;1497;1865;1491;1084;1084;1494;1084;1494;1494;1494;1494;1494;1494;1494;1494;998;998;18;0;0;4;-1
8259293664;8259293105;41;nan;0;17852;0;1494;1497;1865;1491;1084;1084;1494;1084;1494;1494;1494;1494;1494;1494;1494;1494;998;998;18;0;0;4;-1
8259788730;8259788172;41;nan;0;17907;0;1494;1497;1865;1491;1084;1084;1494;1084;1494;1494;1494;1494;1494;1494;1494;1494;998;998;18;0;0;4;-1
8260283409;8260282847;41;nan;0;17962;0;1494;1497;1865;1491;1084;1084;1494;1084;1494;1494;1494;1494;1494;1494;1494;1494;998;998;18;0;0;4;-1
8260800782;8260800220;41;nan;0;18020;0;1494;1497;1865;1491;1084;1084;1494;1084;1494;1494;1494;1494;1494;1494;1494;1494;998;998;18;0;0;4;-1
8261295672;8261295109;41;nan;0;18075;0;1494;1497;1865;1491;1084;1084;1494;1084;1494;1494;1494;1494;1494;1494;1494;1494;998;998;18;0;0;4;-1
8261790541;8261789982;41;nan;0;18130;0;1494;1313;1865;1491;1084;1084;1494;1084;1494;1494;1494;1494;1494;1494;1494;1494;998;998;18;0;0;4;-1
8262285429;8262284867;41;nan;0;18185;0;1494;1497;1865;1491;1084;1084;1494;1084;1494;1494;1494;1494;1494;1494;1494;1494;998;998;18;0;0;4;-1
8262780367;8262779808;41;nan;0;18240;0;1494;1678;1865;1491;1084;1084;1494;1084;1494;1494;1494;1494;1494;1494;1494;1494;998;998;18;0;0;4;-1
8263297781;8263297222;41;nan;0;18297;0;1494;1678;1865;1491;1084;1084;1494;1084;1494;1494;1494;1494;1494;1494;1494;1494;998;998;18;0;0;4;-1
8263792719;8263792160;41;nan;0;18352;0;1494;1280;1865;1491;1084;1084;1494;1084;1494;1494;1494;1494;1494;1494;1494;1494;998;998;18;0;0;4;-1
8264287510;8264286950;41;nan;0;18407;0;1494;1496;1865;1491;1084;1084;1494;1084;1494;1494;1494;1494;1494;1494;1494;1494;998;998;18;0;0;4;-1
8264782343;8264781783;41;nan;0;18462;0;1246;1496;1865;1491;1084;1084;1494;1084;1494;1494;1494;1494;1494;1494;1494;1494;998;998;18;0;0;4;-1
8265299719;8265299160;41;nan;0;18520;0;1334;1497;1865;1491;1084;1084;1494;1084;1494;1494;1494;1494;1494;1494;1494;1494;998;998;18;0;0;4;-1
8265794605;8265794047;41;nan;0;18575;0;1494;1497;1865;1491;1084;1084;1494;1084;1494;1494;1494;1494;1494;1494;1494;1494;998;998;18;0;0;4;-1
8266289493;8266288934;41;nan;0;18630;0;1524;1495;1865;1491;1084;1084;1494;1084;1494;1494;1494;1494;1494;1494;1494;1494;998;998;18;0;0;4;-1
8266784369;8266783810;41;nan;0;18685;0;1492;1501;1865;1491;1084;1084;1494;1084;1494;1494;1494;1494;1494;1494;1494;1494;998;998;18;0;0;4;-1
8267279256;8267278698;41;nan;0;18740;0;1494;1497;1865;1491;1084;1084;1494;1084;1494;1494;1494;1494;1494;1494;1494;1494;998;998;18;0;0;4;-1
8267796729;8267796169;41;nan;0;18797;0;1227;1497;1865;1491;1084;1084;1494;1084;1494;1494;1494;1494;1494;1494;1494;1494;998;998;18;0;0;4;-1
8268291609;8268291028;41;nan;0;18852;0;1494;1497;1865;1491;1084;1084;1494;1084;1494;1494;1494;1494;1494;1494;1494;1494;998;998;18;0;0;4;-1
8268786520;8268785911;41;nan;0;18907;0;1494;1416;1865;1491;1084;1084;1494;1084;1494;1494;1494;1494;1494;1494;1494;1494;998;998;18;0;0;4;-1
8269281443;8269280845;41;nan;0;18962;0;1495;1265;1865;1491;1084;1084;1494;1084;1494;1494;1494;1494;1494;1494;1494;1494;998;998;18;0;0;4;-1
8269798668;8269798109;41;nan;0;19020;0;1495;1497;1865;1491;1084;1084;1494;1084;1494;1494;1494;1494;1494;1494;1494;1494;998;998;18;0;0;4;-1
8270293571;8270293013;41;nan;0;19075;0;1775;1497;1865;1491;1084;1084;1494;1084;1494;1494;1494;1494;1494;1494;1494;1494;998;998;18;0;0;4;-1
8270788437;8270787878;41;nan;0;19130;0;1495;1497;1865;1491;1084;1084;1494;1084;1494;1494;1494;1494;1494;1494;1494;1494;998;998;18;0;0;4;-1
8271283314;8271282755;41;nan;0;19185;0;1214;1392;1865;1491;1084;1084;1494;1084;1494;1494;1494;1494;1494;1494;1494;1494;998;998;18;0;0;4;-1
8271800765;8271800206;41;nan;0;19242;0;1241;1294;1865;1491;1084;1084;1494;1084;1494;1494;1494;1494;1494;1494;1494;1494;998;998;18;0;0;4;-1
8272295725;8272295151;41;nan;0;19297;0;1494;1495;1865;1491;1084;1084;1494;1084;1494;1494;1494;1494;1494;1494;1494;1494;998;998;18;0;0;4;-1
8272790515;8272789944;41;nan;0;19352;0;1652;1575;1865;1491;1084;1084;1494;1084;1494;1494;1494;1494;1494;1494;1494;1494;998;998;18;0;0;4;-1
8273285353;8273284787;41;nan;0;19407;0;1667;1665;1865;1491;1084;1084;1494;1084;1494;1494;1494;1494;1494;1494;1494;1494;998;998;18;0;0;4;-1
8273780321;8273779702;41;nan;0;19462;0;1657;1664;1865;1491;1084;1084;1494;1084;1494;1494;1494;1494;1494;1494;1494;1494;998;998;18;0;0;4;-1
8274297610;8274297050;41;nan;0;19520;0;1600;1630;1865;1491;1084;1084;1494;1084;1494;1494;1494;1494;1494;1494;1494;1494;998;998;18;0;0;4;-1
8274792493;8274791934;41;nan;0;19575;0;1494;1497;1865;1491;1084;1084;1494;1084;1494;1494;1494;1494;1494;1494;1494;1494;998;998;18;0;0;4;-1
8275287410;8275286819;41;nan;0;19630;0;1494;1497;1865;1491;1084;1084;1494;1084;1494;1494;1494;1494;1494;1494;1494;1494;998;998;18;0;0;4;-1
8275782260;8275781699;41;nan;0;19685;0;1696;1500;1865;1491;1084;1084;1494;1084;1494;1494;1494;1494;1494;1494;1494;1494;998;998;18;0;0;4;-1
8276299654;8276299085;41;nan;0;19742;0;1682;1499;1865;1491;1084;1084;1494;1084;1494;1494;1494;1494;1494;1494;1494;1494;998;998;18;0;0;4;-1
8276794541;8276793969;41;nan;0;19797;0;1674;1499;1865;1491;1084;1084;1494;1084;1494;1494;1494;1494;1494;1494;1494;1494;998;998;18;0;0;4;-1
8277289413;8277288853;41;nan;0;19852;0;1677;1499;1865;1491;1084;1084;1494;1084;1494;1494;1494;1494;1494;1494;1494;1494;998;998;18;0;0;4;-1
8277784324;8277783764;41;nan;0;19907;0;1678;1499;1865;1491;1084;1084;1494;1084;1494;1494;1494;1494;1494;1494;1494;1494;998;998;18;0;0;4;-1
8278286240;8278285681;41;nan;0;19963;0;1681;1499;1865;1491;1084;1084;1494;1084;1494;1494;1494;1494;1494;1494;1494;1494;998;998;18;0;0;4;-1
8278796564;8278796003;41;nan;0;20020;0;1682;1499;1865;1491;1084;1084;1494;1084;1494;1494;1494;1494;1494;1494;1494;1494;998;998;18;0;0;4;-1
8279298462;8279297895;41;nan;0;20075;0;1686;1498;1865;1491;1084;1084;1494;1084;1494;1494;1494;1494;1494;1494;1494;1494;998;998;18;0;0;4;-1
8279786327;8279785767;41;nan;0;20130;0;1693;1499;1865;1491;1084;1084;1494;1084;1494;1494;1494;1494;1494;1494;1494;1494;998;998;18;0;0;4;-1
8280281206;8280280647;41;nan;0;20185;0;1561;1673;1865;1491;1084;1084;1494;1084;1494;1494;1494;1494;1494;1494;1494;1494;998;998;18;0;0;4;-1
8280798595;8280798031;41;nan;0;20242;0;1547;1654;1865;1491;1084;1084;1494;1084;1494;1494;1494;1494;1494;1494;1494;1494;998;998;18;0;0;4;-1
8281293462;8281292904;41;nan;0;20297;0;1538;1647;1865;1491;1084;1084;1494;1084;1494;1494;1494;1494;1494;1494;1494;1494;998;998;18;0;0;4;-1
8281788350;8281787791;41;nan;0;20352;0;1656;1675;1865;1491;1084;1084;1494;1084;1494;1494;1494;1494;1494;1494;1494;1494;998;998;18;0;0;4;-1
8282283247;8282282680;41;nan;0;20407;0;1658;1672;1865;1491;1084;1084;1494;1084;1494;1494;1494;1494;1494;1494;1494;1494;998;998;18;0;0;4;-1
8282800671;8282800109;41;nan;0;20465;0;1494;1497;1865;1491;1084;1084;1494;1084;1494;1494;1494;1494;1494;1494;1494;1494;998;998;18;0;0;4;-1
8283295508;8283294947;41;nan;0;20519;0;1494;1497;1865;1491;1084;1084;1494;1084;1494;1494;1494;1494;1494;1494;1494;1494;998;998;18;0;0;4;-1
8283790504;8283789945;41;nan;0;20575;0;1494;1497;1903;1084;1084;1084;1494;1084;1494;1494;1494;1494;1494;1494;1494;1494;998;998;18;0;0;4;-1
8284285299;8284284740;41;nan;0;20629;0;1494;1497;1903;1084;1084;1084;1494;1084;1494;1494;1494;1494;1494;1494;1494;1494;998;998;18;0;0;4;-1
8284780193;8284779634;41;nan;0;20684;0;1494;1497;1896;1084;1084;1084;1494;1084;1494;1494;1494;1494;1494;1494;1494;1494;998;998;18;0;0;4;-1
8285297528;8285296969;41;nan;0;20742;0;1494;1497;1894;1084;1084;1084;1494;1084;1494;1494;1494;1494;1494;1494;1494;1494;998;998;18;0;0;4;-1
8285792410;8285791851;41;nan;0;20797;0;1494;1497;1884;1084;1084;1084;1494;1084;1494;1494;1494;1494;1494;1494;1494;1494;998;998;18;0;0;4;-1
8286287297;8286286735;41;nan;0;20852;0;1494;1497;1896;1491;1084;1084;1494;1084;1494;1494;1494;1494;1494;1494;1494;1494;998;998;18;0;0;4;-1
8286782207;8286781648;41;nan;0;20907;0;1640;1376;1896;1491;1084;1084;1494;1084;1494;1494;1494;1494;1494;1494;1494;1494;998;998;18;0;0;4;-1
8287299575;8287299017;41;nan;0;20964;0;1737;1279;1896;1491;1084;1084;1494;1084;1494;1494;1494;1494;1494;1494;1494;1494;998;998;18;0;0;4;-1
8287794457;8287793898;41;nan;0;21019;0;1714;1324;1896;1491;1084;1084;1494;1084;1494;1494;1494;1494;1494;1494;1494;1494;998;998;18;0;0;4;-1
8288289455;8288288896;41;nan;0;21074;0;1687;1368;1896;1491;1084;1084;1494;1084;1494;1494;1494;1494;1494;1494;1494;1494;998;998;18;0;0;4;-1
8288784223;8288783657;41;nan;0;21129;0;1518;1464;1895;1491;1084;1084;1494;1084;1494;1494;1494;1494;1494;1494;1494;1494;998;998;18;0;0;4;-1
8289301597;8289301035;41;nan;0;21187;0;1260;1271;1896;1491;1084;1084;1494;1084;1494;1494;1494;1494;1494;1494;1494;1494;998;998;18;0;0;4;-1
8289796467;8289795908;41;nan;0;21242;0;1314;1320;1896;1491;1084;1084;1494;1084;1494;1494;1494;1494;1494;1494;1494;1494;998;998;18;0;0;4;-1
8290291384;8290290822;41;nan;0;21297;0;1355;1342;1896;1491;1084;1084;1494;1084;1494;1494;1494;1494;1494;1494;1494;1494;998;998;18;0;0;4;-1
8290786234;8290785675;41;nan;0;21352;0;1392;1314;1896;1492;1084;1084;1494;1084;1494;1494;1494;1494;1494;1494;1494;1494;998;998;18;0;0;4;-1
8291281121;8291280562;41;nan;0;21407;0;1494;1497;1903;1774;1084;1084;1494;1084;1494;1494;1494;1494;1494;1494;1494;1494;998;998;18;0;0;4;-1
8291798539;8291797980;41;nan;0;21464;0;1494;1497;1903;1901;1084;1084;1494;1084;1494;1494;1494;1494;1494;1494;1494;1494;998;998;18;0;0;4;-1
8292293517;8292292958;41;nan;0;21519;0;1494;1497;1903;1901;1084;1084;1494;1084;1494;1494;1494;1494;1494;1494;1494;1494;998;998;18;0;0;4;-1
8292788281;8292787720;41;nan;0;21574;0;1494;1497;1903;1901;1084;1084;1494;1084;1494;1494;1494;1494;1494;1494;1494;1494;998;998;18;0;0;4;-1
8293283222;8293282663;41;nan;0;21629;0;1494;1497;1903;1901;1084;1084;1494;1084;1494;1494;1494;1494;1494;1494;1494;1494;998;998;18;0;0;4;-1
8293800526;8293799967;41;nan;0;21687;0;1494;1497;1868;1492;1084;1084;1494;1084;1494;1494;1494;1494;1494;1494;1494;1494;998;998;18;0;0;4;-1
8294295410;8294294852;41;nan;0;21742;0;1494;1497;1876;1492;1084;1084;1494;1084;1494;1494;1494;1494;1494;1494;1494;1494;998;998;18;0;0;4;-1
8294790298;8294789740;41;nan;0;21797;0;1439;1506;1879;1491;1084;1084;1494;1084;1494;1494;1494;1494;1494;1494;1494;1494;998;998;18;0;0;4;-1
8295285172;8295284614;41;nan;0;21852;0;1328;1629;1879;1491;1084;1084;1494;1084;1494;1494;1494;1494;1494;1494;1494;1494;998;998;18;0;0;4;-1
8295780061;8295779502;41;nan;0;21907;0;1324;1618;1879;1491;1084;1084;1494;1084;1494;1494;1494;1494;1494;1494;1494;1494;998;998;18;0;0;4;-1
8296297492;8296296927;41;nan;0;21964;0;1332;1609;1879;1491;1084;1084;1494;1084;1494;1494;1494;1494;1494;1494;1494;1494;998;998;18;0;0;4;-1
8296792388;8296791828;41;nan;0;22019;0;1338;1608;1880;1491;1084;1084;1494;1084;1494;1494;1494;1494;1494;1494;1494;1494;998;998;18;0;0;4;-1
8297287256;8297286696;41;nan;0;22074;0;1674;1676;1879;1491;1084;1084;1494;1084;1494;1494;1494;1494;1494;1494;1494;1494;998;998;18;0;0;4;-1
8297782091;8297781533;41;nan;0;22129;0;1667;1680;1879;1491;1084;1084;1494;1084;1494;1494;1494;1494;1494;1494;1494;1494;998;998;18;0;0;4;-1
8298299499;8298298940;41;nan;0;22187;0;1658;1677;1879;1491;1084;1084;1494;1084;1494;1494;1494;1494;1494;1494;1494;1494;998;998;18;0;0;4;-1
8298794353;8298793787;41;nan;0;22242;0;1652;1675;1879;1491;1084;1084;1494;1084;1494;1494;1494;1494;1494;1494;1494;1494;998;998;18;0;0;4;-1
8299289237;8299288676;41;nan;0;22297;0;1462;1496;1879;1491;1084;1084;1494;1084;1494;1494;1494;1494;1494;1494;1494;1494;998;998;18;0;0;4;-1
8299784117;8299783556;41;nan;0;22352;0;1295;1358;1879;1491;1084;1084;1494;1084;1494;1494;1494;1494;1494;1494;1494;1494;998;998;18;0;0;4;-1
8300301527;8300300967;41;nan;0;22409;0;1362;1264;1879;1491;1084;1084;1494;1084;1494;1494;1494;1494;1494;1494;1494;1494;998;998;18;0;0;4;-1
8300796376;8300795815;41;nan;0;22464;0;1411;1286;1879;1491;1084;1084;1494;1084;1494;1494;1494;1494;1494;1494;1494;1494;998;998;18;0;0;4;-1
8301291285;8301290706;41;nan;0;22519;0;1495;1495;1879;1491;1084;1084;1494;1084;1494;1494;1494;1494;1494;1494;1494;1494;998;998;18;0;0;4;-1
8301786147;8301785588;41;nan;0;22574;0;1495;1248;1879;1491;1084;1084;1494;1084;1494;1494;1494;1494;1494;1494;1494;1494;998;998;18;0;0;4;-1
8302281026;8302280467;41;nan;0;22629;0;1495;1254;1879;1491;1084;1084;1494;1084;1494;1494;1494;1494;1494;1494;1494;1494;998;998;18;0;0;4;-1
8302798420;8302797860;41;nan;0;22687;0;1495;1445;1879;1491;1084;1084;1494;1084;1494;1494;1494;1494;1494;1494;1494;1494;998;998;18;0;0;4;-1
8303293299;8303292734;41;nan;0;22742;0;1734;1333;1879;1491;1084;1084;1494;1084;1494;1494;1494;1494;1494;1494;1494;1494;998;998;18;0;0;4;-1
8303788181;8303787620;41;nan;0;22797;0;1855;1398;1879;1491;1084;1084;1494;1084;1494;1494;1494;1494;1494;1494;1494;1494;998;998;18;0;0;4;-1
8304283065;8304282503;41;nan;0;22852;0;1850;1462;1879;1491;1084;1084;1494;1084;1494;1494;1494;1494;1494;1494;1494;1494;998;998;18;0;0;4;-1
8304777979;8304777420;41;nan;0;22907;0;1646;1495;1879;1491;1084;1084;1494;1084;1494;1494;1494;1494;1494;1494;1494;1494;998;998;18;0;0;4;-1
8305295331;8305294770;41;nan;0;22964;0;1401;1498;1879;1491;1084;1084;1494;1084;1494;1494;1494;1494;1494;1494;1494;1494;998;998;18;0;0;4;-1
8305790194;8305789635;41;nan;0;23019;0;1255;1498;1879;1491;1084;1084;1494;1084;1494;1494;1494;1494;1494;1494;1494;1494;998;998;18;0;0;4;-1
8306285084;8306284524;41;nan;0;23074;0;1491;1498;1879;1491;1084;1084;1494;1084;1494;1494;1494;1494;1494;1494;1494;1494;998;998;18;0;0;4;-1
8306779967;8306779406;41;nan;0;23129;0;1725;1496;1879;1491;1084;1084;1494;1084;1494;1494;1494;1494;1494;1494;1494;1494;998;998;18;0;0;4;-1
8307297355;8307296793;41;nan;0;23186;0;1495;1676;1879;1491;1084;1084;1494;1084;1494;1494;1494;1494;1494;1494;1494;1494;998;998;18;0;0;4;-1
8307792246;8307791688;41;nan;0;23241;0;1495;1638;1880;1491;1084;1084;1494;1084;1494;1494;1494;1494;1494;1494;1494;1494;998;998;18;0;0;4;-1
8308287141;8308286582;41;nan;0;23296;0;1494;1497;1879;1491;1084;1084;1494;1084;1494;1494;1494;1494;1494;1494;1494;1494;998;998;18;0;0;4;-1
8308782053;8308781494;41;nan;0;23351;0;1494;1497;1879;1491;1084;1084;1494;1084;1494;1494;1494;1494;1494;1494;1494;1494;998;998;18;0;0;4;-1
8309299368;8309298807;41;nan;0;23409;0;1494;1497;1880;1491;1084;1084;1494;1084;1494;1494;1494;1494;1494;1494;1494;1494;998;998;18;0;0;4;-1
8309794252;8309793693;41;nan;0;23464;0;1494;1497;1879;1491;1084;1084;1494;1084;1494;1494;1494;1494;1494;1494;1494;1494;998;998;18;0;0;4;-1
8310289146;8310288583;41;nan;0;23519;0;1494;1497;1879;1491;1084;1084;1494;1084;1494;1494;1494;1494;1494;1494;1494;1494;998;998;18;0;0;4;-1
8310784017;8310783458;41;nan;0;23574;0;1494;1497;1880;1491;1084;1084;1494;1084;1494;1494;1494;1494;1494;1494;1494;1494;998;998;18;0;0;4;-1
8311301454;8311300835;41;nan;0;23631;0;1494;1497;1879;1491;1084;1084;1494;1084;1494;1494;1494;1494;1494;1494;1494;1494;998;998;18;0;0;4;-1
8311796384;8311795752;41;nan;0;23686;0;1494;1497;1880;1491;1084;1084;1494;1084;1494;1494;1494;1494;1494;1494;1494;1494;998;998;18;0;0;4;-1
8312291299;8312290654;41;nan;0;23741;0;1494;1497;1880;1491;1084;1084;1494;1084;1494;1494;1494;1494;1494;1494;1494;1494;998;998;18;0;0;4;-1
8312786220;8312785579;41;nan;0;23796;0;1494;1497;1880;1491;1084;1084;1494;1084;1494;1494;1494;1494;1494;1494;1494;1494;998;998;18;0;0;4;-1
8313280928;8313280367;41;nan;0;23851;0;1494;1497;1879;1491;1084;1084;1494;1084;1494;1494;1494;1494;1494;1494;1494;1494;998;998;18;0;0;4;-1
8313798320;8313797759;41;nan;0;23909;0;1494;1497;1880;1491;1084;1084;1494;1084;1494;1494;1494;1494;1494;1494;1494;1494;998;998;18;0;0;4;-1
8314293201;8314292638;41;nan;0;23964;0;1494;1497;1879;1491;1084;1084;1494;1084;1494;1494;1494;1494;1494;1494;1494;1494;998;998;18;0;0;4;-1
8314788066;8314787506;41;nan;0;24019;0;1494;1496;1903;1901;1084;1084;1494;1084;1494;1494;1494;1494;1494;1494;1494;1494;998;998;18;0;0;4;-1
8315282953;8315282394;41;nan;0;24074;0;1494;1497;1903;1901;1084;1084;1494;1084;1494;1494;1494;1494;1494;1494;1494;1494;998;998;18;0;0;4;-1
8315800438;8315799878;41;nan;0;24131;0;1494;1497;1903;1901;1084;1084;1494;1084;1494;1494;1494;1494;1494;1494;1494;1494;998;998;18;0;0;4;-1
8316295229;8316294664;41;nan;0;24186;0;1494;1497;1903;1491;1084;1084;1494;1084;1494;1494;1494;1494;1494;1494;1494;1494;998;998;18;0;0;4;-1
8316790251;8316789690;41;nan;0;24241;0;1494;1497;1903;1084;1084;1084;1494;1084;1494;1494;1494;1494;1494;1494;1494;1494;998;998;18;0;0;4;-1
8317285009;8317284448;41;nan;0;24296;0;1494;1497;1903;1084;1084;1084;1494;1084;1494;1494;1494;1494;1494;1494;1494;1494;998;998;18;0;0;4;-1
8317802360;8317801799;41;nan;0;24354;0;1494;1497;1903;1084;1084;1084;1494;1084;1494;1494;1494;1494;1494;1494;1494;1494;998;998;18;0;0;4;-1
8318297241;8318296680;41;nan;0;24409;0;1494;1497;1903;1084;1084;1084;1494;1084;1494;1494;1494;1494;1494;1494;1494;1494;998;998;18;0;0;4;-1
8318792158;8318791563;41;nan;0;24464;0;1494;1497;1903;1084;1084;1084;1494;1084;1494;1494;1494;1494;1494;1494;1494;1494;998;998;18;0;0;4;-1
8319287003;8319286444;41;nan;0;24519;0;1494;1497;1903;1084;1084;1084;1494;1084;1494;1494;1494;1494;1494;1494;1494;1494;998;998;18;0;0;4;-1
8319788839;8319788280;41;nan;0;24575;0;1494;1497;1903;1084;1084;1084;1494;1084;1494;1494;1494;1494;1494;1494;1494;1494;998;998;18;0;0;4;-1
8320299299;8320298734;41;nan;0;24631;0;1494;1497;1903;1084;1084;1084;1494;1084;1494;1494;1494;1494;1494;1494;1494;1494;998;998;18;0;0;4;-1
8320801176;8320800617;41;nan;0;24687;0;1494;1497;1903;1084;1084;1084;1494;1084;1494;1494;1494;1494;1494;1494;1494;1494;998;998;18;0;0;4;-1
8321289107;8321288548;41;nan;0;24741;0;1494;1497;1903;1084;1084;1084;1494;1084;1494;1494;1494;1494;1494;1494;1494;1494;998;998;18;0;0;4;-1
8321783910;8321783351;41;nan;0;24796;0;1494;1497;1903;1490;1084;1084;1494;1084;1494;1494;1494;1494;1494;1494;1494;1494;998;998;18;0;0;4;-1
8322278811;8322278240;41;nan;0;24851;0;1494;1497;1903;1901;1084;1084;1494;1084;1494;1494;1494;1494;1494;1494;1494;1494;998;998;18;0;0;4;-1
8322796199;8322795640;41;nan;0;24909;0;1494;1497;1903;1901;1084;1084;1494;1084;1494;1494;1494;1494;1494;1494;1494;1494;998;998;18;0;0;4;-1
8323291052;8323290493;41;nan;0;24964;0;1494;1497;1903;1901;1084;1084;1494;1084;1494;1494;1494;1494;1494;1494;1494;1494;998;998;18;0;0;4;-1
8323785934;8323785376;41;nan;0;25019;0;1494;1497;1903;1901;1084;1084;1494;1084;1494;1494;1494;1494;1494;1494;1494;1494;998;998;18;0;0;4;-1
8324280822;8324280263;41;nan;0;25074;0;1494;1497;1903;1901;1084;1084;1494;1084;1494;1494;1494;1494;1494;1494;1494;1494;998;998;18;0;0;4;-1
8324798230;8324797670;41;nan;0;25131;0;1494;1497;1903;1901;1084;1084;1494;1084;1494;1494;1494;1494;1494;1494;1494;1494;998;998;18;0;0;4;-1
8325293117;8325292518;41;nan;0;25186;0;1494;1497;1903;1492;1084;1084;1494;1084;1494;1494;1494;1494;1494;1494;1494;1494;998;998;18;0;0;4;-1
8325788021;8325787410;41;nan;0;25241;0;1494;1497;1903;1492;1084;1084;1494;1084;1494;1494;1494;1494;1494;1494;1494;1494;998;998;18;0;0;4;-1
8326282851;8326282290;41;nan;0;25296;0;1494;1497;1903;1901;1084;1084;1494;1084;1494;1494;1494;1494;1494;1494;1494;1494;998;998;18;0;0;4;-1
8326800235;8326799674;41;nan;0;25354;0;1494;1497;1903;1901;1084;1084;1494;1084;1494;1494;1494;1494;1494;1494;1494;1494;998;998;18;0;0;4;-1
8327295104;8327294544;41;nan;0;25409;0;1494;1498;1881;1491;1084;1084;1494;1084;1494;1494;1494;1494;1494;1494;1494;1494;998;998;18;0;0;4;-1
8327789992;8327789429;41;nan;0;25464;0;1494;1497;1903;1901;1084;1084;1494;1084;1494;1494;1494;1494;1494;1494;1494;1494;998;998;18;0;0;4;-1
8328284901;8328284342;41;nan;0;25519;0;1494;1497;1903;1901;1084;1084;1494;1084;1494;1494;1494;1494;1494;1494;1494;1494;998;998;18;0;0;4;-1
8328779754;8328779195;41;nan;0;25574;0;1494;1497;1903;1493;1084;1084;1494;1084;1494;1494;1494;1494;1494;1494;1494;1494;998;998;18;0;0;4;-1
8329297135;8329296576;41;nan;0;25631;0;1494;1497;1903;1084;1084;1084;1494;1084;1494;1494;1494;1494;1494;1494;1494;1494;998;998;18;0;0;4;-1
8329792033;8329791474;41;nan;0;25686;0;1494;1497;1903;1084;1084;1084;1494;1084;1494;1494;1494;1494;1494;1494;1494;1494;998;998;18;0;0;4;-1
8330286896;8330286337;41;nan;0;25741;0;1494;1497;1903;1084;1084;1084;1494;1084;1494;1494;1494;1494;1494;1494;1494;1494;998;998;18;0;0;4;-1
8330781778;8330781219;41;nan;0;25796;0;1494;1497;1879;1084;1084;1084;1494;1084;1494;1494;1494;1494;1494;1494;1494;1494;998;998;18;0;0;4;-1
8331299160;8331298601;41;nan;0;25853;0;1494;1497;1903;1084;1084;1084;1494;1084;1494;1494;1494;1494;1494;1494;1494;1494;998;998;18;0;0;4;-1
8331794042;8331793482;41;nan;0;25908;0;1494;1498;1903;1084;1084;1084;1494;1084;1494;1494;1494;1494;1494;1494;1494;1494;998;998;18;0;0;4;-1
8332288929;8332288354;41;nan;0;25963;0;1494;1497;1903;1084;1084;1084;1494;1084;1494;1494;1494;1494;1494;1494;1494;1494;998;998;18;0;0;4;-1
8332783844;8332783248;41;nan;0;26018;0;1494;1498;1903;1084;1084;1084;1494;1084;1494;1494;1494;1494;1494;1494;1494;1494;998;998;18;0;0;4;-1
8333278766;8333278153;41;nan;0;26073;0;1494;1497;1903;1084;1084;1084;1494;1084;1494;1494;1494;1494;1494;1494;1494;1494;998;998;18;0;0;4;-1
8333796065;8333795506;41;nan;0;26131;0;1494;1497;1903;1084;1084;1084;1494;1084;1494;1494;1494;1494;1494;1494;1494;1494;998;998;18;0;0;4;-1
8334290948;8334290387;41;nan;0;26186;0;1494;1498;1903;1468;1084;1084;1494;1084;1494;1494;1494;1494;1494;1494;1494;1494;998;998;18;0;0;4;-1
8334785827;8334785269;41;nan;0;26241;0;1494;1498;1903;1491;1084;1084;1494;1084;1494;1494;1494;1494;1494;1494;1494;1494;998;998;18;0;0;4;-1
8335280734;8335280175;41;nan;0;26296;0;1494;1497;1903;1084;1084;1084;1494;1084;1494;1494;1494;1494;1494;1494;1494;1494;998;998;18;0;0;4;-1
8335798097;8335797534;41;nan;0;26353;0;1494;1497;1903;1651;1084;1084;1494;1084;1494;1494;1494;1494;1494;1494;1494;1494;998;998;18;0;0;4;-1
8336293009;8336292450;41;nan;0;26408;0;1494;1497;1903;1901;1084;1084;1494;1084;1494;1494;1494;1494;1494;1494;1494;1494;998;998;18;0;0;4;-1
8336787956;8336787385;41;nan;0;26463;0;1494;1497;1885;1494;1084;1084;1494;1084;1494;1494;1494;1494;1494;1494;1494;1494;998;998;18;0;0;4;-1
8337282841;8337282282;41;nan;0;26518;0;1476;1140;1870;1491;1084;1084;1494;1084;1494;1494;1494;1494;1494;1494;1494;1494;998;998;18;0;0;4;-1
8337800114;8337799554;41;nan;0;26576;0;1495;1244;1871;1491;1084;1084;1494;1084;1494;1494;1494;1494;1494;1494;1494;1494;998;998;18;0;0;4;-1
8338294995;8338294435;41;nan;0;26631;0;1495;1320;1871;1491;1084;1084;1494;1084;1494;1494;1494;1494;1494;1494;1494;1494;998;998;18;0;0;4;-1
8338789883;8338789317;41;nan;0;26686;0;1494;1505;1871;1491;1084;1084;1494;1084;1494;1494;1494;1494;1494;1494;1494;1494;998;998;18;0;0;4;-1
8339284800;8339284242;41;nan;0;26741;0;1501;1671;1871;1491;1084;1084;1494;1084;1494;1494;1494;1494;1494;1494;1494;1494;998;998;18;0;0;4;-1
8339779656;8339779086;41;nan;0;26796;0;1535;1676;1872;1491;1084;1084;1494;1084;1494;1494;1494;1494;1494;1494;1494;1494;998;998;18;0;0;4;-1
8340297101;8340296542;41;nan;0;26853;0;1543;1678;1871;1491;1084;1084;1494;1084;1494;1494;1494;1494;1494;1494;1494;1494;998;998;18;0;0;4;-1
8340791932;8340791366;41;nan;0;26908;0;1542;1680;1871;1491;1084;1084;1494;1084;1494;1494;1494;1494;1494;1494;1494;1494;998;998;18;0;0;4;-1
8341286852;8341286292;41;nan;0;26963;0;1540;1678;1871;1491;1084;1084;1494;1084;1494;1494;1494;1494;1494;1494;1494;1494;998;998;18;0;0;4;-1
8341781712;8341781143;41;nan;0;27018;0;1495;1498;1871;1491;1084;1084;1494;1084;1494;1494;1494;1494;1494;1494;1494;1494;998;998;18;0;0;4;-1
8342299037;8342298479;41;nan;0;27076;0;1494;1497;1871;1491;1084;1084;1494;1084;1494;1494;1494;1494;1494;1494;1494;1494;998;998;18;0;0;4;-1
8342793920;8342793362;41;nan;0;27131;0;1494;1497;1871;1491;1084;1084;1494;1084;1494;1494;1494;1494;1494;1494;1494;1494;998;998;18;0;0;4;-1
8343288805;8343288247;41;nan;0;27186;0;1494;1497;1872;1491;1084;1084;1494;1084;1494;1494;1494;1494;1494;1494;1494;1494;998;998;18;0;0;4;-1
8343783703;8343783143;41;nan;0;27241;0;1494;1497;1871;1491;1084;1084;1494;1084;1494;1494;1494;1494;1494;1494;1494;1494;998;998;18;0;0;4;-1
8344278580;8344278019;41;nan;0;27296;0;1494;1497;1872;1491;1084;1084;1494;1084;1494;1494;1494;1494;1494;1494;1494;1494;998;998;18;0;0;4;-1
8344795953;8344795392;41;nan;0;27353;0;1495;1498;1871;1491;1084;1084;1494;1084;1494;1494;1494;1494;1494;1494;1494;1494;998;998;18;0;0;4;-1
8345290888;8345290309;41;nan;0;27408;0;1494;1533;1871;1491;1084;1084;1494;1084;1494;1494;1494;1494;1494;1494;1494;1494;998;998;18;0;0;4;-1
8345785738;8345785173;41;nan;0;27463;0;1495;1495;1872;1491;1084;1084;1494;1084;1494;1494;1494;1494;1494;1494;1494;1494;998;998;18;0;0;4;-1
8346280676;8346280116;41;nan;0;27518;0;1495;1476;1871;1491;1084;1084;1494;1084;1494;1494;1494;1494;1494;1494;1494;1494;998;998;18;0;0;4;-1
8346797968;8346797410;41;nan;0;27576;0;1495;1378;1872;1491;1084;1084;1494;1084;1494;1494;1494;1494;1494;1494;1494;1494;998;998;18;0;0;4;-1
8347292872;8347292314;41;nan;0;27631;0;1495;1367;1872;1491;1084;1084;1494;1084;1494;1494;1494;1494;1494;1494;1494;1494;998;998;18;0;0;4;-1
8347787741;8347787177;41;nan;0;27686;0;1495;1413;1872;1491;1084;1084;1494;1084;1494;1494;1494;1494;1494;1494;1494;1494;998;998;18;0;0;4;-1
8348282613;8348282055;41;nan;0;27741;0;1494;1604;1872;1491;1084;1084;1494;1084;1494;1494;1494;1494;1494;1494;1494;1494;998;998;18;0;0;4;-1
8348800015;8348799435;41;nan;0;27798;0;1494;1682;1872;1491;1084;1084;1494;1084;1494;1494;1494;1494;1494;1494;1494;1494;998;998;18;0;0;4;-1
8349294895;8349294324;41;nan;0;27853;0;1494;1705;1872;1491;1084;1084;1494;1084;1494;1494;1494;1494;1494;1494;1494;1494;998;998;18;0;0;4;-1
8349789764;8349789202;41;nan;0;27908;0;1494;1717;1872;1491;1084;1084;1494;1084;1494;1494;1494;1494;1494;1494;1494;1494;998;998;18;0;0;4;-1
8350284637;8350284079;41;nan;0;27963;0;1494;1497;1871;1491;1084;1084;1494;1084;1494;1494;1494;1494;1494;1494;1494;1494;998;998;18;0;0;4;-1
8350779541;8350778982;41;nan;0;28018;0;1494;1497;1872;1491;1084;1084;1494;1084;1494;1494;1494;1494;1494;1494;1494;1494;998;998;18;0;0;4;-1
8351296905;8351296343;41;nan;0;28076;0;1554;1498;1872;1491;1084;1084;1494;1084;1494;1494;1494;1494;1494;1494;1494;1494;998;998;18;0;0;4;-1
8351791774;8351791215;41;nan;0;28131;0;1495;1498;1871;1491;1084;1084;1494;1084;1494;1494;1494;1494;1494;1494;1494;1494;998;998;18;0;0;4;-1
8352286657;8352286098;41;nan;0;28186;0;1494;1352;1872;1491;1084;1084;1494;1084;1494;1494;1494;1494;1494;1494;1494;1494;998;998;18;0;0;4;-1
8352781546;8352780987;41;nan;0;28241;0;1494;1497;1872;1491;1084;1084;1494;1084;1494;1494;1494;1494;1494;1494;1494;1494;998;998;18;0;0;4;-1
8353298914;8353298355;41;nan;0;28298;0;1494;1501;1871;1491;1084;1084;1494;1084;1494;1494;1494;1494;1494;1494;1494;1494;998;998;18;0;0;4;-1
8353793797;8353793238;41;nan;0;28353;0;1492;1501;1872;1491;1084;1084;1494;1084;1494;1494;1494;1494;1494;1494;1494;1494;998;998;18;0;0;4;-1
8354288706;8354288147;41;nan;0;28408;0;1781;1497;1871;1491;1084;1084;1494;1084;1494;1494;1494;1494;1494;1494;1494;1494;998;998;18;0;0;4;-1
8354783563;8354783005;41;nan;0;28463;0;1717;1490;1871;1491;1084;1084;1494;1084;1494;1494;1494;1494;1494;1494;1494;1494;998;998;18;0;0;4;-1
8355300938;8355300379;41;nan;0;28521;0;1497;1498;1872;1491;1084;1084;1494;1084;1494;1494;1494;1494;1494;1494;1494;1494;998;998;18;0;0;4;-1
8355795823;8355795265;41;nan;0;28576;0;1494;1497;1871;1491;1084;1084;1494;1084;1494;1494;1494;1494;1494;1494;1494;1494;998;998;18;0;0;4;-1
8356290711;8356290149;41;nan;0;28631;0;1495;1497;1872;1491;1084;1084;1494;1084;1494;1494;1494;1494;1494;1494;1494;1494;998;998;18;0;0;4;-1
8356785592;8356785032;41;nan;0;28685;0;1495;1495;1871;1491;1084;1084;1494;1084;1494;1494;1494;1494;1494;1494;1494;1494;998;998;18;0;0;4;-1
8357280517;8357279955;41;nan;0;28740;0;1494;1498;1872;1491;1084;1084;1494;1084;1494;1494;1494;1494;1494;1494;1494;1494;998;998;18;0;0;4;-1
8357797847;8357797286;41;nan;0;28798;0;1675;1497;1871;1491;1084;1084;1494;1084;1494;1494;1494;1494;1494;1494;1494;1494;998;998;18;0;0;4;-1
8358292729;8358292168;41;nan;0;28853;0;1701;1497;1871;1491;1084;1084;1494;1084;1494;1494;1494;1494;1494;1494;1494;1494;998;998;18;0;0;4;-1
8358787609;8358787047;41;nan;0;28908;0;1260;1498;1871;1491;1084;1084;1494;1084;1494;1494;1494;1494;1494;1494;1494;1494;998;998;18;0;0;4;-1
8359282487;8359281928;41;nan;0;28963;0;1241;1497;1872;1491;1084;1084;1494;1084;1494;1494;1494;1494;1494;1494;1494;1494;998;998;18;0;0;4;-1
8359799890;8359799330;41;nan;0;29020;0;1715;1497;1871;1491;1084;1084;1494;1084;1494;1494;1494;1494;1494;1494;1494;1494;998;998;18;0;0;4;-1
8360294768;8360294209;41;nan;0;29075;0;1494;1254;1872;1491;1084;1084;1494;1084;1494;1494;1494;1494;1494;1494;1494;1494;998;998;18;0;0;4;-1
8360789683;8360789125;41;nan;0;29130;0;1494;1623;1872;1491;1084;1084;1494;1084;1494;1494;1494;1494;1494;1494;1494;1494;998;998;18;0;0;4;-1
8361291437;8361290873;41;nan;0;29186;0;1494;1566;1871;1491;1084;1084;1494;1084;1494;1494;1494;1494;1494;1494;1494;1494;998;998;18;0;0;4;-1
8361779511;8361778952;41;nan;0;29240;0;1264;1497;1872;1491;1084;1084;1494;1084;1494;1494;1494;1494;1494;1494;1494;1494;998;998;18;0;0;4;-1
8362274317;8362273744;41;nan;0;29295;0;1538;1497;1872;1491;1084;1084;1494;1084;1494;1494;1494;1494;1494;1494;1494;1494;998;998;18;0;0;4;-1
8362791651;8362791092;41;nan;0;29353;0;1783;1496;1872;1491;1084;1084;1494;1084;1494;1494;1494;1494;1494;1494;1494;1494;998;998;18;0;0;4;-1
8363286528;8363285970;41;nan;0;29408;0;1488;1505;1871;1491;1084;1084;1494;1084;1494;1494;1494;1494;1494;1494;1494;1494;998;998;18;0;0;4;-1
8363781410;8363780851;41;nan;0;29463;0;1494;1424;1872;1491;1084;1084;1494;1084;1494;1494;1494;1494;1494;1494;1494;1494;998;998;18;0;0;4;-1
8364298795;8364298232;41;nan;0;29520;0;1494;1685;1872;1491;1084;1084;1494;1084;1494;1494;1494;1494;1494;1494;1494;1494;998;998;18;0;0;4;-1
8364793678;8364793116;41;nan;0;29575;0;1717;1498;1871;1491;1084;1084;1494;1084;1494;1494;1494;1494;1494;1494;1494;1494;998;998;18;0;0;4;-1
8365288588;8365288014;41;nan;0;29630;0;1494;1549;1872;1491;1084;1084;1494;1084;1494;1494;1494;1494;1494;1494;1494;1494;998;998;18;0;0;4;-1
8365783489;8365782927;41;nan;0;29685;0;1324;1554;1871;1491;1084;1084;1494;1084;1494;1494;1494;1494;1494;1494;1494;1494;998;998;18;0;0;4;-1
8366300809;8366300251;41;nan;0;29743;0;1494;1513;1872;1491;1084;1084;1494;1084;1494;1494;1494;1494;1494;1494;1494;1494;998;998;18;0;0;4;-1
8366795692;8366795134;41;nan;0;29798;0;1534;1354;1872;1491;1084;1084;1494;1084;1494;1494;1494;1494;1494;1494;1494;1494;998;998;18;0;0;4;-1
8367290583;8367290021;41;nan;0;29853;0;1751;1307;1871;1491;1084;1084;1494;1084;1494;1494;1494;1494;1494;1494;1494;1494;998;998;18;0;0;4;-1
8367785457;8367784898;41;nan;0;29908;0;1241;1629;1871;1491;1084;1084;1494;1084;1494;1494;1494;1494;1494;1494;1494;1494;998;998;18;0;0;4;-1
8368280333;8368279774;41;nan;0;29963;0;1408;1567;1871;1491;1084;1084;1494;1084;1494;1494;1494;1494;1494;1494;1494;1494;998;998;18;0;0;4;-1
8368797842;8368797269;41;nan;0;30020;0;1719;1618;1871;1491;1084;1084;1494;1084;1494;1494;1494;1494;1494;1494;1494;1494;998;998;18;0;0;4;-1
8369292613;8369292051;41;nan;0;30075;0;1162;1590;1872;1491;1084;1084;1494;1084;1494;1494;1494;1494;1494;1494;1494;1494;998;998;18;0;0;4;-1
8369787532;8369786972;41;nan;0;30130;0;1444;1260;1872;1491;1084;1084;1494;1084;1494;1494;1494;1494;1494;1494;1494;1494;998;998;18;0;0;4;-1
8370282390;8370281822;41;nan;0;30185;0;1494;1497;1872;1491;1084;1084;1494;1084;1494;1494;1494;1494;1494;1494;1494;1494;998;998;18;0;0;4;-1
8370799743;8370799180;41;nan;0;30243;0;1494;1497;1872;1491;1084;1084;1494;1084;1494;1494;1494;1494;1494;1494;1494;1494;998;998;18;0;0;4;-1
8371294611;8371294053;41;nan;0;30298;0;1494;1497;1871;1491;1084;1084;1494;1084;1494;1494;1494;1494;1494;1494;1494;1494;998;998;18;0;0;4;-1
8371789490;8371788932;41;nan;0;30353;0;1494;1497;1871;1491;1084;1084;1494;1084;1494;1494;1494;1494;1494;1494;1494;1494;998;998;18;0;0;4;-1
8372284377;8372283819;41;nan;0;30408;0;1494;1497;1903;1491;1084;1084;1494;1084;1494;1494;1494;1494;1494;1494;1494;1494;998;998;18;0;0;4;-1
8372779255;8372778697;41;nan;0;30463;0;1484;1497;1903;1491;1084;1084;1494;1084;1494;1494;1494;1494;1494;1494;1494;1494;998;998;18;0;0;4;-1
8373296679;8373296085;41;nan;0;30520;0;1494;1497;1903;1491;1084;1084;1494;1084;1494;1494;1494;1494;1494;1494;1494;1494;998;998;18;0;0;4;-1
8373791528;8373790967;41;nan;0;30575;0;1495;1497;1903;1491;1084;1084;1494;1084;1494;1494;1494;1494;1494;1494;1494;1494;998;998;18;0;0;4;-1
8374286409;8374285840;41;nan;0;30630;0;1494;1540;1903;1491;1084;1084;1494;1084;1494;1494;1494;1494;1494;1494;1494;1494;998;998;18;0;0;4;-1
8374781295;8374780733;41;nan;0;30685;0;1494;1495;1903;1491;1084;1084;1494;1084;1494;1494;1494;1494;1494;1494;1494;1494;998;998;18;0;0;4;-1
8375298669;8375298111;41;nan;0;30743;0;1494;1438;1903;1491;1084;1084;1494;1084;1494;1494;1494;1494;1494;1494;1494;1494;998;998;18;0;0;4;-1
8375793543;8375792981;41;nan;0;30798;0;1156;1495;1903;1491;1084;1084;1494;1084;1494;1494;1494;1494;1494;1494;1494;1494;998;998;18;0;0;4;-1
8376288415;8376287856;41;nan;0;30853;0;1765;1481;1903;1491;1084;1084;1494;1084;1494;1494;1494;1494;1494;1494;1494;1494;998;998;18;0;0;4;-1
8376783306;8376782744;41;nan;0;30908;0;1492;1549;1903;1491;1084;1084;1494;1084;1494;1494;1494;1494;1494;1494;1494;1494;998;998;18;0;0;4;-1
8377300767;8377300188;41;nan;0;30965;0;1494;1498;1903;1491;1084;1084;1494;1084;1494;1494;1494;1494;1494;1494;1494;1494;998;998;18;0;0;4;-1
8377795556;8377794998;41;nan;0;31020;0;1494;1721;1903;1491;1084;1084;1494;1084;1494;1494;1494;1494;1494;1494;1494;1494;998;998;18;0;0;4;-1
8378290437;8378289877;41;nan;0;31075;0;1494;1794;1903;1491;1084;1084;1494;1084;1494;1494;1494;1494;1494;1494;1494;1494;998;998;18;0;0;4;-1
8378785312;8378784753;41;nan;0;31130;0;1494;1785;1903;1491;1084;1084;1494;1084;1494;1494;1494;1494;1494;1494;1494;1494;998;998;18;0;0;4;-1
8379280194;8379279635;41;nan;0;31185;0;1494;1751;1903;1491;1084;1084;1494;1084;1494;1494;1494;1494;1494;1494;1494;1494;998;998;18;0;0;4;-1
8379797576;8379797017;41;nan;0;31243;0;1494;1751;1903;1491;1084;1084;1494;1084;1494;1494;1494;1494;1494;1494;1494;1494;998;998;18;0;0;4;-1
8380292453;8380291893;41;nan;0;31298;0;1494;1903;1903;1491;1084;1084;1494;1084;1494;1494;1494;1494;1494;1494;1494;1494;998;998;18;0;0;4;-1
8380787333;8380786774;41;nan;0;31353;0;1494;1903;1903;1491;1084;1084;1494;1084;1494;1494;1494;1494;1494;1494;1494;1494;998;998;18;0;0;4;-1
8381282229;8381281666;41;nan;0;31408;0;1494;1903;1903;1491;1084;1084;1494;1084;1494;1494;1494;1494;1494;1494;1494;1494;998;998;18;0;0;4;-1
8381799592;8381799032;41;nan;0;31465;0;1494;1903;1903;1491;1084;1084;1494;1084;1494;1494;1494;1494;1494;1494;1494;1494;998;998;18;0;0;4;-1
8382294492;8382293933;41;nan;0;31520;0;1494;1903;1903;1491;1084;1084;1494;1084;1494;1494;1494;1494;1494;1494;1494;1494;998;998;18;0;0;4;-1
8382789356;8382788793;41;nan;0;31575;0;1494;1903;1903;1491;1084;1084;1494;1084;1494;1494;1494;1494;1494;1494;1494;1494;998;998;18;0;0;4;-1
8383284236;8383283677;41;nan;0;31630;0;1494;1903;1903;1491;1084;1084;1494;1084;1494;1494;1494;1494;1494;1494;1494;1494;998;998;18;0;0;4;-1
8383801684;8383801125;41;nan;0;31687;0;1494;1903;1903;1491;1084;1084;1494;1084;1494;1494;1494;1494;1494;1494;1494;1494;998;998;18;0;0;4;-1
8384296506;8384295946;41;nan;0;31742;0;1494;1903;1903;1491;1084;1084;1494;1084;1494;1494;1494;1494;1494;1494;1494;1494;998;998;18;0;0;4;-1
8384791403;8384790843;41;nan;0;31797;0;1494;1903;1903;1491;1084;1084;1494;1084;1494;1494;1494;1494;1494;1494;1494;1494;998;998;18;0;0;4;-1
8385286292;8385285721;41;nan;0;31852;0;1494;1903;1903;1491;1084;1084;1494;1084;1494;1494;1494;1494;1494;1494;1494;1494;998;998;18;0;0;4;-1
8385781190;8385780631;41;nan;0;31907;0;1494;1903;1903;1491;1084;1084;1494;1084;1494;1494;1494;1494;1494;1494;1494;1494;998;998;18;0;0;4;-1
8386298513;8386297953;41;nan;0;31965;0;1494;1903;1903;1491;1084;1084;1494;1084;1494;1494;1494;1494;1494;1494;1494;1494;998;998;18;0;0;4;-1
8386793398;8386792834;41;nan;0;32020;0;1494;1903;1903;1491;1084;1084;1494;1084;1494;1494;1494;1494;1494;1494;1494;1494;998;998;18;0;0;4;-1
8387288272;8387287713;41;nan;0;32075;0;1482;1492;1903;1491;1084;1084;1494;1084;1494;1494;1494;1494;1494;1494;1494;1494;998;998;18;0;0;4;-1
8387783153;8387782594;41;nan;0;32130;0;1494;1084;1903;1491;1084;1084;1494;1084;1494;1494;1494;1494;1494;1494;1494;1494;998;998;18;0;0;4;-1
8388300620;8388300001;41;nan;0;32187;0;1494;1084;1903;1491;1084;1084;1494;1084;1494;1494;1494;1494;1494;1494;1494;1494;998;998;18;0;0;4;-1
8388795525;8388794921;41;nan;0;32242;0;1487;1084;1903;1491;1084;1084;1494;1084;1494;1494;1494;1494;1494;1494;1494;1494;998;998;18;0;0;4;-1
8389290436;8389289858;41;nan;0;32297;0;1482;1084;1903;1491;1084;1084;1494;1084;1494;1494;1494;1494;1494;1494;1494;1494;998;998;18;0;0;4;-1
8389785183;8389784614;41;nan;0;32352;0;1495;1340;1903;1491;1084;1084;1494;1084;1494;1494;1494;1494;1494;1494;1494;1494;998;998;18;0;0;4;-1
8390280137;8390279527;41;nan;0;32407;0;1308;1358;1903;1491;1084;1084;1494;1084;1494;1494;1494;1494;1494;1494;1494;1494;998;998;18;0;0;4;-1
8390797423;8390796864;41;nan;0;32465;0;1253;1298;1903;1491;1084;1084;1494;1084;1494;1494;1494;1494;1494;1494;1494;1494;998;998;18;0;0;4;-1
8391292303;8391291745;41;nan;0;32520;0;1264;1314;1903;1491;1084;1084;1494;1084;1494;1494;1494;1494;1494;1494;1494;1494;998;998;18;0;0;4;-1
8391787189;8391786631;41;nan;0;32575;0;1668;1301;1903;1491;1084;1084;1494;1084;1494;1494;1494;1494;1494;1494;1494;1494;998;998;18;0;0;4;-1
8392282063;8392281503;41;nan;0;32630;0;1646;1276;1903;1491;1084;1084;1494;1084;1494;1494;1494;1494;1494;1494;1494;1494;998;998;18;0;0;4;-1
8392799477;8392798915;41;nan;0;32687;0;1645;1278;1903;1491;1084;1084;1494;1084;1494;1494;1494;1494;1494;1494;1494;1494;998;998;18;0;0;4;-1
8393294336;8393293773;41;nan;0;32742;0;1695;1551;1903;1491;1084;1084;1494;1084;1494;1494;1494;1494;1494;1494;1494;1494;998;998;18;0;0;4;-1
8393789248;8393788671;41;nan;0;32797;0;1747;1568;1903;1491;1084;1084;1494;1084;1494;1494;1494;1494;1494;1494;1494;1494;998;998;18;0;0;4;-1
8394284098;8394283536;41;nan;0;32852;0;1751;1567;1903;1491;1084;1084;1494;1084;1494;1494;1494;1494;1494;1494;1494;1494;998;998;18;0;0;4;-1
8394801480;8394800901;41;nan;0;32910;0;1747;1570;1903;1491;1084;1084;1494;1084;1494;1494;1494;1494;1494;1494;1494;1494;998;998;18;0;0;4;-1
8395296344;8395295784;41;nan;0;32965;0;1750;1572;1903;1491;1084;1084;1494;1084;1494;1494;1494;1494;1494;1494;1494;1494;998;998;18;0;0;4;-1
8395791238;8395790680;41;nan;0;33020;0;1388;1746;1903;1491;1084;1084;1494;1084;1494;1494;1494;1494;1494;1494;1494;1494;998;998;18;0;0;4;-1
8396286102;8396285544;41;nan;0;33075;0;1384;1754;1903;1491;1084;1084;1494;1084;1494;1494;1494;1494;1494;1494;1494;1494;998;998;18;0;0;4;-1
8396780981;8396780422;41;nan;0;33130;0;1576;1419;1903;1491;1084;1084;1494;1084;1494;1494;1494;1494;1494;1494;1494;1494;998;998;18;0;0;4;-1
8397298423;8397297862;41;nan;0;33187;0;1494;1496;1903;1491;1084;1084;1494;1084;1494;1494;1494;1494;1494;1494;1494;1494;998;998;18;0;0;4;-1
8397793375;8397792782;41;nan;0;33242;0;1494;1497;1903;1491;1084;1084;1494;1084;1494;1494;1494;1494;1494;1494;1494;1494;998;998;18;0;0;4;-1
8398288132;8398287559;41;nan;0;33297;0;1494;1497;1903;1491;1084;1084;1494;1084;1494;1494;1494;1494;1494;1494;1494;1494;998;998;18;0;0;4;-1
8398783039;8398782457;41;nan;0;33352;0;1494;1497;1903;1492;1084;1084;1494;1084;1494;1494;1494;1494;1494;1494;1494;1494;998;998;18;0;0;4;-1
8399277898;8399277339;41;nan;0;33407;0;1494;1497;1903;1491;1084;1084;1494;1084;1494;1494;1494;1494;1494;1494;1494;1494;998;998;18;0;0;4;-1
8399795270;8399794710;41;nan;0;33465;0;1494;1497;1903;1491;1084;1084;1494;1084;1494;1494;1494;1494;1494;1494;1494;1494;998;998;18;0;0;4;-1
8400290150;8400289589;41;nan;0;33520;0;1494;1497;1903;1491;1084;1084;1494;1084;1494;1494;1494;1494;1494;1494;1494;1494;998;998;18;0;0;4;-1
8400785016;8400784457;41;nan;0;33575;0;1494;1497;1903;1491;1084;1084;1494;1084;1494;1494;1494;1494;1494;1494;1494;1494;998;998;18;0;0;4;-1
8401279896;8401279337;41;nan;0;33630;0;1494;1497;1903;1491;1084;1084;1494;1084;1494;1494;1494;1494;1494;1494;1494;1494;998;998;18;0;0;4;-1
8401797323;8401796762;41;nan;0;33687;0;1494;1497;1903;1491;1084;1084;1494;1084;1494;1494;1494;1494;1494;1494;1494;1494;998;998;18;0;0;4;-1
8402292155;8402291594;41;nan;0;33742;0;1494;1497;1903;1491;1084;1084;1494;1084;1494;1494;1494;1494;1494;1494;1494;1494;998;998;18;0;0;4;-1
8402794143;8402793558;41;nan;0;33798;0;1494;1497;1903;1491;1084;1084;1494;1084;1494;1494;1494;1494;1494;1494;1494;1494;998;998;18;0;0;4;-1
8403281921;8403281360;41;nan;0;33852;0;1494;1497;1903;1491;1084;1084;1494;1084;1494;1494;1494;1494;1494;1494;1494;1494;998;998;18;0;0;4;-1
8403776805;8403776244;41;nan;0;33907;0;1494;1497;1903;1491;1084;1084;1494;1084;1494;1494;1494;1494;1494;1494;1494;1494;998;998;18;0;0;4;-1
8404294176;8404293614;41;nan;0;33964;0;1494;1497;1903;1491;1084;1084;1494;1084;1494;1494;1494;1494;1494;1494;1494;1494;998;998;18;0;0;4;-1
8404789058;8404788497;41;nan;0;34019;0;1494;1497;1903;1491;1084;1084;1494;1084;1494;1494;1494;1494;1494;1494;1494;1494;998;998;18;0;0;4;-1
8405283925;8405283365;41;nan;0;34074;0;1494;1497;1903;1491;1084;1084;1494;1084;1494;1494;1494;1494;1494;1494;1494;1494;998;998;18;0;0;4;-1
8405778809;8405778250;41;nan;0;34129;0;1494;1497;1903;1491;1084;1084;1494;1084;1494;1494;1494;1494;1494;1494;1494;1494;998;998;18;0;0;4;-1
8406296183;8406295622;41;nan;0;34187;0;1494;1497;1903;1491;1084;1084;1494;1084;1494;1494;1494;1494;1494;1494;1494;1494;998;998;18;0;0;4;-1
8406791061;8406790501;41;nan;0;34242;0;1494;1497;1903;1491;1084;1084;1494;1084;1494;1494;1494;1494;1494;1494;1494;1494;998;998;18;0;0;4;-1
8407285942;8407285382;41;nan;0;34297;0;1494;1497;1903;1491;1084;1084;1494;1084;1494;1494;1494;1494;1494;1494;1494;1494;998;998;18;0;0;4;-1
8407780831;8407780269;41;nan;0;34352;0;1494;1497;1903;1491;1084;1084;1494;1084;1494;1494;1494;1494;1494;1494;1494;1494;998;998;18;0;0;4;-1
8408298270;8408297647;41;nan;0;34409;0;1494;1497;1903;1491;1084;1084;1494;1084;1494;1494;1494;1494;1494;1494;1494;1494;998;998;18;0;0;4;-1
8408793095;8408792536;41;nan;0;34464;0;1494;1497;1903;1491;1084;1084;1494;1084;1494;1494;1494;1494;1494;1494;1494;1494;998;998;18;0;0;4;-1
8409288110;8409287514;41;nan;0;34519;0;1494;1497;1903;1084;1084;1084;1494;1084;1494;1494;1494;1494;1494;1494;1494;1494;998;998;18;0;0;4;-1
8409782853;8409782284;41;nan;0;34574;0;1494;1497;1903;1084;1084;1084;1494;1084;1494;1494;1494;1494;1494;1494;1494;1494;998;998;18;0;0;4;-1
8410300225;8410299664;41;nan;0;34632;0;1494;1497;1903;1901;1084;1084;1494;1084;1494;1494;1494;1494;1494;1494;1494;1494;998;998;18;0;0;4;-1
8410795091;8410794532;41;nan;0;34687;0;1494;1497;1903;1901;1084;1084;1494;1084;1494;1494;1494;1494;1494;1494;1494;1494;998;998;18;0;0;4;-1
8411289976;8411289418;41;nan;0;34742;0;1494;1497;1903;1901;1084;1084;1494;1084;1494;1494;1494;1494;1494;1494;1494;1494;998;998;18;0;0;4;-1
8411784850;8411784292;41;nan;0;34797;0;1494;1497;1875;1492;1084;1084;1494;1084;1494;1494;1494;1494;1494;1494;1494;1494;998;998;18;0;0;4;-1
8412302313;8412301753;41;nan;0;34854;0;1494;1497;1875;1491;1084;1084;1494;1084;1494;1494;1494;1494;1494;1494;1494;1494;998;998;18;0;0;4;-1
8412797107;8412796548;41;nan;0;34909;0;1494;1497;1875;1491;1084;1084;1494;1084;1494;1494;1494;1494;1494;1494;1494;1494;998;998;18;0;0;4;-1
8413292006;8413291448;41;nan;0;34964;0;1494;1497;1874;1491;1084;1084;1494;1084;1494;1494;1494;1494;1494;1494;1494;1494;998;998;18;0;0;4;-1
8413786872;8413786313;41;nan;0;35019;0;1494;1497;1875;1491;1084;1084;1494;1084;1494;1494;1494;1494;1494;1494;1494;1494;998;998;18;0;0;4;-1
8414281782;8414281208;41;nan;0;35074;0;1494;1497;1878;1491;1084;1084;1494;1084;1494;1494;1494;1494;1494;1494;1494;1494;998;998;18;0;0;4;-1
8414799145;8414798561;41;nan;0;35132;0;1494;1497;1878;1491;1084;1084;1494;1084;1494;1494;1494;1494;1494;1494;1494;1494;998;998;18;0;0;4;-1
8415294005;8415293445;41;nan;0;35187;0;1494;1497;1878;1491;1084;1084;1494;1084;1494;1494;1494;1494;1494;1494;1494;1494;998;998;18;0;0;4;-1
8415788907;8415788348;41;nan;0;35242;0;1494;1497;1878;1491;1084;1084;1494;1084;1494;1494;1494;1494;1494;1494;1494;1494;998;998;18;0;0;4;-1
8416283765;8416283206;41;nan;0;35297;0;1494;1497;1878;1491;1084;1084;1494;1084;1494;1494;1494;1494;1494;1494;1494;1494;998;998;18;0;0;4;-1
8416778645;8416778086;41;nan;0;35352;0;1494;1497;1878;1491;1084;1084;1494;1084;1494;1494;1494;1494;1494;1494;1494;1494;998;998;18;0;0;4;-1
8417296016;8417295456;41;nan;0;35409;0;1494;1497;1793;1492;1084;1084;1494;1084;1494;1494;1494;1494;1494;1494;1494;1494;998;998;18;0;0;4;-1
8417790990;8417790427;41;nan;0;35464;0;1494;1497;1084;1087;1084;1084;1494;1084;1494;1494;1494;1494;1494;1494;1494;1494;998;998;18;0;0;4;-1
8418285965;8418285406;41;nan;0;35519;0;1494;1497;1084;1088;1084;1084;1494;1084;1494;1494;1494;1494;1494;1494;1494;1494;998;998;18;0;0;4;-1
8418780703;8418780124;41;nan;0;35574;0;1494;1497;1084;1088;1084;1084;1494;1084;1494;1494;1494;1494;1494;1494;1494;1494;998;998;18;0;0;4;-1
8419296541;8419295979;41;nan;0;35632;0;1494;1497;1084;1088;1084;1084;1494;1084;1494;1494;1494;1494;1494;1494;1494;1494;998;998;18;0;0;4;-1
8419791430;8419790866;41;nan;0;35686;0;1494;1497;1084;1087;1084;1084;1494;1084;1494;1494;1494;1494;1494;1494;1494;1494;998;998;18;0;0;4;-1
